tempo_arduino_micro_s,valor_ADC
500,11
1004,14
1504,20
2000,26
2508,33
3000,24
3508,12
4000,14
4504,12
5000,20
5500,14
6000,22
6500,14
7000,10
7500,15
8000,32
8500,51
9000,32
9500,12
10000,46
10508,95
11028,100
11608,55
12124,15
12652,18
13172,28
13700,24
14220,25
14748,18
15268,35
15788,30
16308,20
16828,13
17348,12
17868,13
18388,13
18908,15
19428,12
19948,16
20468,26
20988,29
21516,32
22036,36
22564,41
23084,44
23612,26
24132,20
24660,14
25180,44
25708,63
26228,28
26756,24
27276,38
27804,37
28324,36
28852,19
29372,12
29900,30
30420,20
30948,10
31468,18
31996,16
32520,16
33044,34
33564,53
34092,64
34612,48
35140,23
35660,27
36188,34
36708,42
37236,33
37756,28
38284,16
38804,14
39324,18
39844,19
40364,17
40884,13
41404,11
41924,16
42444,23
42964,12
43484,28
44004,21
44524,14
45044,11
45564,10
46092,11
46612,11
47140,11
47660,14
48188,22
48708,33
49236,33
49756,30
50284,23
50804,22
51332,15
51852,22
52380,37
52900,45
53428,31
53948,18
54476,11
54996,23
55524,32
56044,41
56572,39
57092,12
57620,33
58140,42
58668,36
59188,22
59716,17
60236,23
60764,32
61288,28
61812,21
62332,17
62860,22
63380,22
63900,19
64424,11
64940,15
65460,12
65980,13
66500,14
67020,12
67540,14
68060,17
68580,16
69100,14
69620,10
70140,10
70668,12
71188,10
71716,11
72236,13
72764,11
73284,10
73812,11
74332,12
74860,12
75380,11
75908,11
76432,11
76956,11
77476,14
78004,20
78524,29
79052,52
79576,62
80100,67
80620,41
81148,12
81668,18
82196,58
82716,82
83244,70
83764,59
84292,13
84812,36
85340,47
85860,47
86388,55
86912,42
87436,29
87956,83
88476,86
88996,51
89516,30
90040,32
90556,28
91076,13
91596,11
92116,13
92640,12
93156,11
93676,11
94196,10
94716,10
95244,13
95764,10
96292,17
96812,21
97340,12
97860,12
98388,11
98912,15
99436,21
99960,22
100484,18
101048,12
101632,20
102200,11
102784,9
103300,11
103880,12
104456,11
105024,17
105600,31
106168,58
106744,61
107312,20
107896,29
108464,56
109040,76
109624,91
110192,38
110776,15
111344,11
111928,17
112500,16
113080,16
113648,42
114224,54
114808,42
115376,14
115960,29
116528,21
117112,11
117684,14
118256,19
118840,16
119408,10
119992,11
120564,15
121144,15
121712,11
122296,13
122864,11
123444,21
124024,33
124592,26
125176,12
125744,19
126328,43
126896,43
127472,21
128056,11
128624,10
129200,10
129768,11
130344,12
130912,11
131496,11
132064,12
132640,12
133224,13
133792,17
134368,15
134936,14
135520,10
136088,11
136664,13
137240,16
137808,18
138392,21
138960,30
139544,63
140112,89
140696,73
141268,43
141840,16
142424,47
142992,95
143576,113
144196,64
144772,40
145344,26
145920,14
146504,12
147072,12
147656,15
148224,19
148808,14
149376,13
149952,13
150524,11
151096,12
151680,22
152248,24
152832,13
153404,16
153984,25
154552,24
155128,11
155712,17
156280,11
156864,16
157432,13
158016,15
158588,18
159168,17
159740,15
160316,12
160896,25
161464,31
162048,17
162616,13
163200,13
163768,26
164344,16
164928,11
165496,11
166072,13
166640,15
167224,17
167792,13
168368,20
168936,32
169504,27
170088,13
170656,14
171232,20
171800,55
172384,84
172952,106
173580,83
174156,39
174728,13
175304,36
175876,73
176456,95
177024,85
177608,81
178184,116
178804,68
179380,11
179952,12
180528,18
181096,15
181672,31
182244,42
182816,20
183400,14
183968,19
184552,24
185120,23
185704,11
186272,12
186848,11
187432,12
188000,11
188584,16
189156,19
189736,19
190308,10
190888,13
191456,11
192036,11
192616,11
193184,12
193768,11
194336,13
194920,19
195488,16
196064,11
196648,11
197216,11
197800,18
198368,12
198952,17
199524,26
200104,38
200672,35
201248,14
201832,29
202404,48
202984,57
203556,38
204136,19
204708,11
205284,38
205864,45
206432,37
207008,54
207576,80
208160,65
208728,20
209304,18
209872,16
210448,58
211032,111
211656,97
212232,29
212800,11
213384,10
213952,11
214528,17
215112,21
215680,13
216264,20
216832,16
217416,22
217988,32
218568,41
219144,31
219716,13
220296,10
220864,11
221448,10
222016,11
222600,9
223120,12
223696,25
224272,30
224840,26
225424,24
225992,24
226576,16
227144,23
227728,36
228300,22
228876,17
229456,14
230024,18
230608,11
231176,14
231760,17
232328,27
232912,23
233488,23
234056,13
234640,21
235208,29
235792,31
236364,22
236944,15
237512,14
238092,12
238672,27
239244,26
239824,29
240396,48
240976,42
241544,27
242128,14
242704,18
243276,33
243856,41
244424,58
245008,53
245580,23
246160,18
246736,74
247312,78
247896,63
248468,31
249048,13
249616,32
250200,62
250772,49
251348,26
251928,14
252500,11
253080,26
253652,35
254232,12
254804,25
255384,25
255956,11
256532,28
257112,54
257680,28
258264,13
258832,16
259408,11
259976,13
260560,12
261136,14
261704,12
262280,13
262848,12
263432,12
264000,24
264584,35
265152,18
265728,14
266312,22
266880,35
267464,81
268032,89
268616,49
269188,33
269768,117
270396,106
271016,55
271592,12
272164,15
272744,13
273312,15
273888,15
274472,14
275044,11
275624,13
276196,15
276776,15
277348,16
277928,11
278496,11
279072,10
279656,19
280228,26
280808,30
281376,29
281960,20
282528,13
283104,23
283688,24
284256,12
284840,14
285408,23
285992,23
286564,15
287144,14
287716,11
288292,28
288872,50
289440,43
290024,12
290592,32
291176,51
291748,31
292324,14
292904,22
293472,48
294056,49
294628,40
295208,45
295776,29
296360,16
296928,74
297508,96
298088,75
298660,50
299240,24
299812,13
300392,13
300964,20
301536,16
302120,14
302692,27
303272,14
303844,13
304424,11
305004,11
305584,32
306156,52
306732,56
307312,37
307884,12
308464,25
309036,39
309616,54
310188,65
310764,52
311344,26
311916,19
312496,42
313068,37
313648,20
314216,11
314800,12
315372,11
315948,13
316528,15
317100,11
317680,11
318260,14
318840,15
319412,19
319988,23
320572,42
321140,81
321720,42
322288,18
322872,11
323440,14
324024,21
324592,32
325172,15
325752,13
326324,13
326904,16
327476,22
328056,12
328624,12
329192,13
329776,14
330344,12
330920,26
331488,14
332072,12
332640,21
333224,12
333792,13
334360,18
334944,44
335512,49
336096,25
336664,46
337240,29
337808,11
338384,13
338968,11
339536,33
340120,56
340688,90
341272,84
341844,63
342424,25
342992,71
343572,115
344204,130
344824,125
345448,31
346020,18
346592,18
347176,22
347748,11
348328,19
348896,42
349480,57
350048,45
350632,39
351204,37
351780,14
352360,47
352932,90
353512,67
354084,49
354664,28
355232,11
355808,11
356392,14
356964,15
357544,14
358116,20
358696,20
359272,15
359856,13
360428,31
361000,35
361584,21
362156,14
362736,11
363308,14
363888,19
364460,18
365036,13
365616,14
366184,19
366768,11
367340,18
367920,11
368492,12
369072,19
369640,27
370216,22
370800,11
371372,11
371952,26
372524,35
373104,29
373676,18
374252,12
374832,15
375404,18
375984,26
376556,36
377136,41
377708,49
378288,43
378860,29
379436,11
380016,32
380588,59
381168,64
381740,39
382320,22
382900,29
383476,26
384056,12
384628,26
385208,32
385776,31
386360,42
386932,58
387512,92
388084,50
388656,30
389240,70
389808,52
390392,11
390964,48
391544,18
392116,13
392692,44
393272,98
393844,27
394424,40
394992,36
395576,31
396148,38
396728,34
397308,23
397884,22
398464,26
399036,13
399616,58
400196,64
400776,27
401344,22
401924,33
402504,26
403076,29
403656,42
404228,41
404808,12
405376,15
405960,16
406536,24
407108,27
407688,16
408260,27
408840,15
409412,15
409992,14
410568,13
411136,20
411712,24
412280,32
412864,54
413432,70
414016,89
414584,67
415168,23
415740,26
416316,46
416896,54
417464,92
418048,118
418668,33
419244,30
419816,13
420396,44
420976,36
421544,11
422128,18
422696,16
423280,17
423848,16
424424,11
425008,19
425576,26
426160,23
426728,14
427312,27
427884,16
428464,12
429036,13
429612,31
430192,37
430764,35
431344,40
431916,42
432496,27
433072,14
433652,11
434232,15
434804,11
435384,10
435952,13
436536,25
437104,23
437688,14
438260,35
438836,45
439416,47
439988,47
440568,47
441144,30
441728,39
442296,74
442876,97
443456,51
444028,13
444608,51
445180,27
445760,21
446328,48
446912,41
447484,16
448060,33
448640,16
449208,17
449792,32
450364,14
450944,35
451512,40
452092,30
452672,14
453244,34
453824,54
454396,38
454976,26
455556,45
456136,33
456712,27
457284,54
457864,96
458436,53
459016,15
459588,30
460168,32
460740,41
461316,36
461896,17
462468,26
463048,43
463616,30
464200,21
464768,21
465352,23
465928,15
466496,51
467080,68
467652,46
468232,13
468804,41
469384,64
469956,110
470584,68
471160,33
471732,11
472312,19
472884,14
473464,11
474036,14
474612,16
475192,11
475764,17
476344,19
476916,13
477496,27
478068,24
478648,13
479228,12
479804,13
480384,42
480956,59
481536,24
482108,64
482688,20
483256,15
483836,22
484416,33
484988,54
485568,18
486140,19
486720,27
487296,22
487880,18
488456,58
489028,52
489608,34
490176,18
490760,14
491340,11
491920,17
492496,11
493072,19
493656,14
494228,14
494808,23
495376,27
495960,26
496532,12
497108,11
497688,18
498256,17
498840,15
499412,15
499992,13
500564,12
501144,11
501716,11
502292,12
502872,11
503444,11
504024,9
504544,10
505120,13
505692,15
506272,17
506844,18
507420,26
508000,21
508572,18
509152,31
509732,26
510312,14
510892,23
511468,11
512052,11
512620,15
513200,29
513768,35
514352,14
514920,18
515504,12
516076,14
516648,26
517232,38
517800,20
518384,12
518956,42
519536,59
520108,37
520680,14
521264,79
521836,89
522416,16
522984,24
523568,18
524136,11
524720,21
525292,29
525864,33
526448,22
527016,25
527600,54
528172,46
528752,20
529320,20
529900,27
530480,30
531052,18
531632,13
532204,20
532784,14
533356,12
533936,13
534508,12
535084,11
535664,14
536236,11
536816,17
537388,14
537968,15
538536,27
539112,40
539696,27
540268,18
540848,26
541416,26
542000,21
542572,21
543152,51
543724,65
544300,69
544880,42
545448,18
546032,45
546604,25
547184,13
547756,11
548332,22
548912,53
549484,66
550064,35
550636,17
551216,11
551788,22
552368,30
552940,28
553516,47
554096,72
554668,89
555248,88
555820,87
556400,27
556980,65
557556,114
558188,62
558756,15
559336,17
559908,63
560488,81
561068,50
561644,14
562224,17
562796,16
563376,17
563948,28
564528,17
565096,11
565680,15
566252,19
566828,14
567408,13
567980,15
568560,23
569136,39
569720,49
570288,46
570868,25
571448,21
572020,69
572600,48
573172,37
573752,35
574332,25
574912,26
575496,12
576068,14
576648,17
577216,22
577800,13
578368,32
578952,67
579524,53
580096,14
580680,23
581252,74
581832,47
582404,11
582984,36
583556,82
584136,42
584720,34
585292,11
585872,16
586444,54
587024,85
587596,19
588176,27
588756,75
589332,79
589912,45
590484,18
591064,38
591636,27
592216,34
592796,27
593372,14
593952,29
594524,26
595104,28
595676,14
596256,11
596828,27
597408,34
597980,22
598556,71
599136,75
599712,39
600288,14
600868,15
601448,18
602028,20
602604,11
603184,16
603756,13
604336,11
604908,42
605488,68
606060,46
606640,36
607220,16
607796,28
608380,54
608952,44
609528,18
610108,46
610688,34
611268,31
611844,62
612424,31
612996,15
613576,12
614152,11
614732,14
615304,19
615888,14
616464,17
617036,30
617616,26
618184,14
618768,22
619340,41
619920,62
620500,39
621076,15
621656,13
622228,10
622808,13
623388,21
623968,17
624540,12
625116,12
625696,14
626268,15
626848,22
627420,22
628000,21
628572,26
629152,17
629724,26
630300,23
630880,17
631452,14
632032,26
632612,14
633192,33
633772,71
634348,87
634928,67
635500,35
636080,13
636652,17
637232,22
637812,21
638392,15
638972,20
639552,29
640132,19
640700,19
641280,13
641848,18
642432,12
643000,14
643580,36
644160,27
644728,14
645312,11
645880,30
646464,45
647032,46
647616,65
648188,72
648764,56
649344,48
649916,14
650496,81
651068,148
651700,119
652328,32
652900,12
653480,10
654052,14
654632,18
655212,24
655792,24
656372,11
656944,18
657528,13
658096,12
658680,63
659248,43
659832,11
660404,11
660976,19
661560,30
662132,27
662712,15
663284,11
663864,14
664436,18
665016,19
665588,17
666164,58
666744,146
667364,141
667992,81
668564,26
669136,140
669772,229
670388,105
671020,15
671588,26
672168,11
672736,11
673304,11
673888,22
674456,26
675040,13
675612,15
676192,27
676760,51
677340,37
677920,24
678492,40
679072,34
679640,30
680224,12
680792,30
681376,52
681944,99
682520,82
683104,34
683676,19
684256,16
684824,14
685408,15
685980,42
686556,60
687136,81
687708,85
688288,67
688860,20
689440,15
690012,26
690592,39
691164,27
691740,13
692320,47
692892,80
693472,52
694044,19
694624,9
695144,10
695720,11
696300,12
696876,12
697456,11
698028,14
698608,13
699180,12
699760,13
700332,13
700908,11
701488,14
702060,10
702640,16
703212,18
703792,28
704372,29
704952,17
705524,11
706100,11
706680,18
707248,15
707832,18
708404,15
708984,19
709556,27
710132,12
710712,17
711284,20
711864,38
712436,44
713016,19
713588,13
714168,14
714748,12
715324,13
715904,47
716480,70
717056,44
717636,14
718216,44
718788,37
719364,25
719944,36
720516,79
721096,18
721668,12
722248,21
722816,28
723400,19
723976,23
724548,12
725128,12
725700,12
726280,14
726860,16
727440,19
728020,16
728592,21
729176,20
729748,13
730328,12
730900,11
731480,15
732052,20
732628,12
733208,16
733780,15
734360,18
734932,21
735512,31
736092,24
736672,17
737244,14
737820,37
738400,47
738968,32
739552,12
740124,18
740704,15
741276,14
741852,14
742432,29
743004,25
743584,25
744156,38
744736,13
745308,20
745888,37
746460,38
747036,47
747616,53
748188,12
748768,39
749340,44
749920,47
750492,33
751068,12
751648,34
752224,35
752800,42
753368,40
753952,31
754524,15
755104,14
755684,29
756260,57
756840,54
757412,45
757992,19
758572,49
759152,63
759724,63
760300,46
760880,22
761452,11
762032,23
762604,13
763184,35
763764,47
764344,48
764924,44
765500,23
766080,12
766652,30
767236,27
767812,59
768396,86
768968,75
769544,22
770128,74
770700,138
771332,119
771956,35
772532,76
773108,30
773684,40
774264,60
774836,52
775416,25
775988,15
776568,14
777148,41
777724,57
778304,33
778876,22
779456,19
780028,11
780608,33
781180,40
781760,20
782332,37
782908,34
783488,17
784060,47
784640,41
785208,14
785792,27
786364,42
786940,31
787520,13
788092,19
788672,33
789244,62
789824,59
790396,57
790980,38
791560,31
792136,39
792712,31
793288,45
793864,88
794444,88
795024,81
795596,32
796172,54
796752,118
797376,108
798008,63
798580,43
799160,27
799740,16
800320,12
800896,23
801464,34
802048,31
802620,21
803200,11
803768,18
804348,21
804928,29
805500,35
806080,28
806652,21
807232,13
807804,11
808384,27
808956,34
809532,35
810112,30
810684,13
811264,11
811844,19
812424,19
812996,13
813572,12
814152,20
814724,12
815304,24
815876,22
816456,55
817036,41
817616,19
818200,43
818772,63
819356,49
819924,24
820504,11
821072,19
821648,26
822216,35
822792,39
823376,37
823944,18
824528,12
825096,12
825680,13
826248,25
826824,33
827400,37
827968,45
828552,41
829124,29
829704,32
830272,63
830856,61
831428,20
832004,18
832584,32
833152,22
833736,25
834304,29
834888,13
835456,17
836040,26
836616,17
837188,27
837768,78
838340,91
838920,29
839496,22
840080,40
840648,54
841216,94
841800,70
842368,37
842952,19
843524,11
844104,22
844676,28
845256,12
845832,38
846404,46
846984,40
847556,22
848136,17
848704,56
849288,71
849856,15
850436,30
851016,17
851588,43
852168,74
852740,100
853372,119
853996,119
854620,26
855196,127
855820,203
856448,125
857072,33
857640,18
858224,14
858796,38
859376,99
859956,87
860536,40
861116,16
861692,60
862272,114
862896,75
863472,15
864044,13
864624,16
865196,11
865772,13
866352,20
866924,13
867504,22
868076,27
868656,35
869228,46
869808,48
870380,18
870956,12
871536,24
872108,34
872688,58
873260,62
873840,41
874408,21
874984,43
875568,26
876140,24
876720,24
877292,12
877872,12
878444,11
879024,16
879596,24
880172,25
880752,19
881320,24
881904,21
882476,16
883056,44
883628,30
884204,15
884784,10
885356,11
885936,10
886508,12
887088,9
887608,10
888184,13
888756,20
889332,18
889912,14
890484,12
891064,12
891636,19
892216,19
892788,15
893368,11
893948,16
894524,27
895104,27
895680,16
896256,18
896832,14
897416,12
897988,26
898564,33
899144,32
899716,16
900296,13
900868,26
901448,24
902016,11
902600,12
903176,11
903748,11
904328,10
904896,11
905480,12
906052,10
906632,12
907204,17
907780,25
908360,27
908932,19
909512,15
910084,37
910664,25
911236,11
911816,23
912400,29
912972,18
913552,18
914124,31
914704,25
915276,32
915856,29
916428,30
917004,18
917584,12
918156,11
918736,11
919316,21
919896,43
920476,40
921052,22
921632,12
922204,15
922784,11
923356,16
923936,15
924508,21
925088,21
925660,12
926236,16
926816,22
927388,11
927968,22
928540,30
929120,23
929692,23
930268,18
930848,39
931420,109
932052,96
932620,51
933200,25
933772,17
934352,25
934940,12
935512,11
936088,14
936660,23
937240,19
937812,24
938392,39
938964,54
939540,40
940120,34
940692,26
941272,17
941852,23
942432,13
943012,21
943588,24
944168,17
944740,13
945320,18
945892,35
946472,16
947052,63
947636,82
948212,24
948788,46
949368,100
949992,63
950572,82
951148,109
951780,86
952360,24
952932,18
953512,10
954088,15
954664,13
955236,10
955816,14
956396,12
956972,22
957552,16
958128,33
958704,39
959284,25
959868,27
960444,23
961016,11
961600,14
962168,19
962752,41
963324,19
963904,10
964476,27
965056,41
965628,36
966204,18
966784,14
967356,41
967936,43
968516,25
969096,25
969668,27
970244,30
970824,16
971396,11
971976,13
972552,13
973128,16
973708,25
974288,19
974864,16
975436,57
976016,60
976588,54
977168,35
977740,14
978320,11
978900,12
979476,11
980056,12
980628,10
981208,11
981788,10
982368,13
982948,15
983524,19
984104,11
984676,11
985256,14
985828,19
986408,21
986976,28
987560,24
988132,11
988708,27
989288,42
989860,30
990440,12
991012,13
991592,19
992172,12
992748,26
993328,21
993900,15
994480,13
995052,11
995632,14
996212,18
996792,13
997364,14
997940,14
998520,12
999092,14
999672,14
1000244,12
1000868,19
1001496,33
1002120,16
1002748,24
1003372,43
1004000,57
1004628,36
1005248,29
1005876,70
1006500,51
1007124,45
1007752,13
1008368,21
1009000,35
1009620,23
1010244,12
1010872,12
1011492,25
1012120,27
1012748,56
1013368,39
1013996,11
1014620,30
1015252,62
1015880,56
1016496,45
1017128,13
1017752,19
1018376,24
1019004,36
1019624,26
1020252,13
1020876,11
1021500,11
1022132,10
1022752,9
1023332,11
1023960,18
1024584,17
1025212,22
1025828,35
1026456,29
1027084,39
1027700,31
1028332,12
1028952,32
1029580,39
1030208,14
1030824,11
1031452,15
1032076,18
1032704,13
1033332,12
1033952,27
1034580,31
1035200,16
1035824,13
1036452,23
1037072,24
1037700,23
1038320,22
1038944,17
1039572,14
1040196,14
1040824,13
1041452,12
1042072,17
1042700,12
1043320,19
1043948,15
1044580,24
1045196,41
1045824,13
1046448,19
1047068,21
1047696,27
1048320,12
1048948,25
1049568,58
1050192,57
1050824,31
1051440,39
1052068,28
1052696,10
1053312,16
1053944,20
1054568,16
1055196,11
1055824,10
1056444,12
1057072,25
1057692,49
1058316,54
1058944,31
1059560,21
1060192,14
1060812,17
1061436,39
1062064,59
1062688,58
1063316,29
1063944,17
1064564,11
1065192,13
1065816,12
1066444,13
1067072,14
1067688,18
1068316,22
1068940,11
1069568,11
1070196,10
1070816,13
1071444,10
1072068,11
1072688,18
1073316,22
1073936,28
1074564,23
1075188,12
1075812,13
1076440,11
1077060,13
1077692,12
1078320,14
1078936,12
1079568,19
1080188,32
1080820,35
1081448,45
1082064,22
1082692,19
1083316,22
1083940,18
1084568,28
1085184,56
1085816,42
1086436,11
1087060,11
1087688,12
1088312,11
1088940,13
1089568,48
1090184,70
1090812,30
1091436,12
1092064,17
1092692,22
1093312,27
1093940,25
1094564,18
1095184,10
1095816,24
1096432,23
1097060,13
1097684,12
1098308,10
1098936,12
1099552,15
1100180,17
1100812,12
1101428,20
1102060,26
1102684,11
1103312,35
1103940,27
1104560,15
1105188,11
1105812,18
1106440,32
1107068,34
1107688,21
1108316,13
1108940,30
1109564,40
1110192,12
1110816,20
1111444,13
1112076,12
1112696,11
1113324,11
1113948,11
1114580,19
1115208,27
1115828,12
1116456,13
1117080,12
1117704,19
1118332,12
1118952,19
1119580,13
1120208,19
1120828,23
1121460,22
1122080,14
1122708,11
1123336,14
1123956,30
1124584,34
1125208,34
1125836,17
1126468,10
1127084,11
1127712,14
1128336,17
1128964,19
1129592,23
1130212,23
1130840,21
1131464,12
1132088,11
1132716,14
1133336,14
1133964,15
1134588,13
1135216,18
1135844,22
1136468,24
1137100,31
1137728,21
1138344,12
1138976,26
1139600,34
1140228,19
1140856,16
1141480,16
1142108,12
1142732,11
1143356,16
1143988,22
1144608,59
1145236,47
1145868,16
1146488,39
1147116,82
1147740,78
1148372,51
1149000,28
1149616,13
1150244,25
1150868,11
1151492,13
1152124,16
1152740,11
1153372,10
1153992,24
1154616,36
1155244,36
1155864,35
1156492,27
1157112,15
1157736,51
1158368,17
1158992,32
1159620,69
1160248,34
1160872,11
1161500,12
1162124,10
1162752,10
1163380,26
1164000,35
1164628,24
1165252,17
1165876,13
1166504,12
1167128,34
1167756,56
1168380,37
1169008,16
1169636,28
1170260,16
1170888,11
1171516,16
1172136,13
1172764,16
1173388,24
1174020,15
1174648,18
1175272,21
1175900,15
1176524,12
1177148,10
1177780,11
1178400,47
1179028,84
1179656,82
1180276,60
1180904,16
1181528,40
1182156,80
1182788,82
1183408,16
1184036,48
1184660,57
1185284,17
1185912,44
1186536,53
1187164,47
1187788,33
1188416,22
1189044,10
1189664,15
1190292,15
1190924,18
1191544,12
1192172,13
1192796,15
1193428,13
1194056,10
1194676,10
1195304,13
1195928,16
1196552,11
1197180,11
1197800,16
1198428,17
1199052,13
1199676,14
1200308,12
1200928,12
1201556,11
1202188,12
1202808,23
1203436,19
1204060,15
1204688,11
1205320,11
1205936,19
1206564,14
1207188,12
1207816,12
1208444,16
1209064,18
1209692,12
1210316,12
1210940,16
1211568,17
1212188,17
1212816,17
1213444,11
1214064,11
1214692,11
1215316,15
1215948,23
1216580,51
1217200,68
1217828,61
1218452,35
1219080,13
1219708,40
1220328,74
1220956,76
1221580,45
1222204,13
1222836,20
1223456,20
1224084,37
1224716,23
1225336,33
1225964,87
1226588,69
1227220,46
1227848,11
1228472,27
1229104,19
1229724,17
1230348,16
1230976,19
1231600,22
1232228,19
1232852,13
1233472,11
1234104,11
1234720,18
1235348,16
1235976,22
1236600,41
1237228,38
1237852,26
1238480,10
1239112,12
1239728,33
1240356,33
1240980,16
1241604,14
1242232,13
1242856,12
1243484,16
1244108,18
1244732,17
1245364,15
1245984,22
1246612,60
1247244,47
1247864,20
1248492,13
1249116,17
1249748,39
1250376,66
1250992,76
1251624,56
1252248,31
1252872,16
1253500,22
1254120,12
1254748,12
1255372,13
1255996,16
1256628,30
1257248,29
1257876,13
1258508,14
1259128,20
1259756,19
1260380,11
1261012,10
1261640,11
1262264,11
1262892,14
1263516,13
1264140,13
1264772,18
1265392,23
1266020,21
1266644,19
1267268,14
1267900,10
1268520,11
1269148,18
1269780,16
1270400,12
1271028,10
1271652,11
1272284,12
1272912,12
1273532,13
1274160,13
1274784,13
1275412,12
1276040,19
1276660,23
1277288,23
1277916,21
1278540,14
1279172,10
1279792,12
1280424,12
1281052,10
1281668,17
1282296,32
1282920,36
1283548,17
1284176,17
1284792,22
1285420,19
1286044,15
1286664,12
1287296,20
1287912,13
1288540,11
1289164,14
1289784,11
1290416,18
1291032,33
1291660,21
1292284,12
1292904,14
1293532,21
1294156,19
1294784,13
1295416,13
1296032,15
1296660,31
1297284,42
1297912,12
1298540,22
1299160,15
1299788,13
1300412,22
1301036,24
1301664,28
1302288,13
1302916,22
1303540,11
1304164,13
1304792,11
1305416,32
1306048,15
1306676,12
1307296,29
1307924,44
1308548,36
1309180,18
1309808,16
1310424,20
1311056,18
1311676,13
1312300,11
1312928,14
1313548,11
1314180,10
1314800,13
1315420,21
1316052,24
1316672,25
1317300,13
1317928,20
1318552,27
1319180,23
1319804,18
1320432,11
1321060,19
1321676,32
1322308,36
1322928,12
1323548,12
1324180,16
1324800,14
1325424,36
1326048,59
1326672,35
1327300,18
1327920,13
1328548,23
1329176,37
1329800,29
1330428,18
1331052,12
1331680,25
1332308,14
1332928,13
1333556,33
1334176,22
1334800,12
1335428,18
1336048,19
1336676,10
1337296,11
1337920,12
1338548,11
1339168,11
1339796,11
1340424,14
1341048,13
1341676,11
1342300,11
1342928,12
1343556,12
1344176,19
1344804,19
1345424,11
1346052,10
1346680,14
1347296,13
1347924,12
1348548,17
1349172,13
1349800,15
1350416,47
1351044,34
1351668,30
1352292,25
1352920,12
1353540,41
1354172,57
1354800,40
1355416,19
1356048,11
1356668,14
1357300,21
1357928,26
1358544,28
1359172,24
1359796,11
1360420,19
1361048,19
1361664,24
1362292,25
1362916,19
1363536,12
1364164,18
1364780,25
1365412,38
1366040,31
1366656,15
1367284,13
1367908,17
1368536,18
1369168,20
1369784,19
1370412,21
1371036,27
1371660,23
1372288,26
1372904,25
1373532,22
1374156,15
1374780,13
1375408,13
1376024,43
1376652,55
1377276,29
1377904,12
1378532,23
1379156,30
1379788,23
1380416,11
1381032,30
1381664,36
1382288,29
1382916,26
1383548,29
1384168,33
1384796,24
1385420,11
1386044,20
1386672,20
1387288,24
1387916,25
1388540,16
1389168,12
1389796,10
1390420,13
1391048,13
1391680,12
1392296,20
1392924,16
1393548,11
1394176,10
1394808,12
1395424,13
1396052,11
1396676,11
1397296,11
1397928,11
1398544,29
1399172,38
1399796,26
1400420,13
1401048,20
1401672,23
1402300,29
1402928,16
1403552,15
1404180,23
1404804,14
1405432,14
1406060,10
1406680,12
1407308,13
1407932,16
1408560,21
1409188,12
1409808,21
1410436,23
1411060,23
1411684,20
1412312,14
1412936,47
1413564,67
1414196,54
1414816,26
1415444,12
1416068,26
1416696,44
1417324,27
1417944,11
1418572,12
1419196,13
1419820,19
1420448,23
1421072,12
1421700,13
1422324,14
1422948,14
1423580,15
1424200,21
1424832,17
1425460,14
1426080,15
1426708,11
1427332,11
1427960,20
1428592,18
1429208,11
1429836,22
1430460,23
1431084,11
1431716,15
1432336,16
1432964,16
1433588,12
1434216,13
1434844,13
1435468,15
1436096,16
1436724,14
1437344,26
1437972,26
1438596,20
1439224,22
1439856,23
1440472,18
1441100,12
1441724,12
1442348,13
1442976,23
1443592,15
1444224,16
1444844,28
1445468,26
1446096,16
1446712,21
1447340,19
1447972,23
1448592,21
1449220,16
1449844,27
1450472,28
1451100,19
1451720,14
1452348,19
1452972,29
1453596,23
1454228,14
1454848,12
1455476,11
1456100,11
1456724,11
1457352,25
1457968,15
1458596,13
1459228,31
1459848,30
1460476,17
1461100,33
1461728,34
1462356,22
1462976,13
1463604,17
1464228,20
1464852,19
1465480,15
1466104,20
1466732,12
1467356,30
1467980,43
1468612,42
1469232,37
1469860,13
1470492,42
1471112,59
1471744,53
1472368,43
1472996,19
1473624,17
1474248,22
1474876,40
1475500,31
1476124,12
1476752,18
1477368,25
1477996,16
1478620,11
1479244,38
1479876,39
1480496,22
1481124,12
1481752,16
1482368,15
1483000,13
1483624,15
1484252,18
1484880,16
1485500,11
1486132,11
1486752,10
1487376,13
1488004,11
1488620,13
1489252,18
1489872,13
1490496,13
1491128,12
1491744,16
1492372,12
1493004,12
1493624,14
1494252,15
1494876,14
1495508,39
1496136,33
1496760,19
1497388,38
1498012,35
1498636,14
1499264,19
1499884,41
1500512,36
1501136,12
1501760,17
1502388,11
1503008,15
1503636,18
1504268,10
1504888,12
1505516,11
1506140,11
1506768,12
1507400,23
1508016,12
1508648,21
1509272,23
1509896,20
1510524,11
1511144,13
1511772,12
1512396,17
1513020,13
1513652,14
1514272,16
1514900,31
1515532,50
1516152,45
1516780,17
1517408,28
1518036,51
1518668,76
1519288,30
1519916,33
1520544,49
1521168,48
1521796,38
1522416,21
1523044,21
1523668,47
1524292,64
1524924,52
1525544,18
1526176,21
1526804,20
1527424,12
1528052,21
1528676,17
1529308,21
1529936,36
1530560,24
1531188,15
1531816,12
1532440,14
1533072,12
1533688,28
1534320,14
1534944,34
1535568,11
1536200,19
1536816,19
1537444,23
1538072,10
1538688,12
1539316,13
1539940,20
1540568,22
1541196,12
1541816,27
1542444,23
1543068,34
1543692,19
1544320,13
1544936,15
1545564,12
1546188,12
1546812,17
1547444,11
1548064,23
1548692,18
1549324,14
1549944,18
1550572,21
1551196,17
1551828,12
1552460,10
1553080,11
1553708,13
1554332,12
1554956,11
1555588,10
1556208,11
1556836,18
1557460,19
1558084,12
1558712,26
1559332,43
1559960,41
1560588,26
1561208,12
1561836,21
1562460,45
1563088,42
1563720,11
1564336,13
1564964,25
1565588,21
1566216,13
1566844,14
1567464,12
1568092,23
1568716,17
1569340,19
1569968,19
1570584,11
1571216,11
1571840,10
1572464,15
1573092,14
1573716,13
1574348,14
1574980,12
1575600,14
1576228,16
1576852,11
1577480,23
1578108,26
1578728,18
1579356,11
1579980,11
1580608,15
1581236,15
1581856,21
1582484,16
1583116,22
1583736,25
1584368,20
1584992,14
1585620,11
1586252,12
1586872,30
1587504,21
1588124,13
1588748,11
1589380,11
1590000,13
1590628,12
1591252,17
1591876,18
1592508,22
1593128,18
1593756,16
1594388,22
1595008,18
1595636,11
1596264,12
1596892,16
1597524,24
1598144,23
1598772,13
1599400,13
1600024,12
1600648,12
1601268,11
1601896,12
1602520,11
1603144,39
1603772,40
1604392,13
1605020,28
1605648,34
1606272,13
1606900,13
1607524,16
1608152,15
1608780,32
1609400,18
1610028,38
1610652,56
1611276,34
1611904,18
1612524,27
1613152,30
1613776,32
1614396,13
1615028,34
1615648,54
1616276,39
1616908,16
1617528,12
1618156,25
1618780,12
1619408,13
1620040,10
1620656,11
1621284,14
1621908,17
1622536,22
1623164,16
1623784,14
1624412,15
1625036,12
1625660,12
1626288,14
1626904,16
1627536,11
1628164,18
1628784,12
1629412,14
1630036,25
1630668,38
1631300,58
1631920,68
1632552,60
1633176,17
1633800,53
1634428,89
1635048,81
1635676,58
1636304,15
1636928,11
1637556,10
1638176,26
1638808,42
1639432,39
1640052,21
1640680,19
1641304,29
1641932,19
1642560,11
1643172,15
1643804,11
1644424,27
1645052,50
1645680,63
1646296,38
1646924,13
1647544,11
1648168,19
1648796,16
1649412,12
1650044,17
1650664,15
1651284,20
1651912,16
1652536,10
1653164,14
1653792,22
1654408,17
1655036,22
1655660,22
1656288,13
1656916,26
1657536,12
1658164,27
1658788,34
1659412,14
1660040,35
1660656,61
1661284,37
1661908,35
1662528,20
1663160,13
1663776,12
1664404,11
1665032,12
1665648,41
1666276,65
1666896,69
1667524,37
1668152,36
1668768,64
1669400,69
1670020,27
1670648,16
1671276,32
1671896,33
1672524,20
1673144,48
1673768,89
1674396,60
1675016,13
1675644,19
1676268,26
1676892,18
1677520,13
1678136,11
1678764,11
1679392,11
1680008,10
1680636,11
1681260,18
1681888,19
1682516,14
1683136,35
1683764,45
1684384,33
1685008,19
1685636,12
1686256,24
1686884,39
1687504,47
1688128,28
1688756,11
1689376,12
1690004,19
1690632,33
1691248,27
1691876,14
1692500,14
1693128,16
1693756,18
1694376,17
1695004,12
1695628,13
1696256,13
1696884,24
1697500,30
1698132,22
1698752,26
1699376,26
1700004,11
1700620,24
1701252,14
1701872,48
1702496,60
1703124,16
1703748,18
1704376,21
1705004,16
1705624,16
1706252,36
1706872,14
1707504,44
1708132,48
1708752,20
1709380,15
1710004,15
1710628,27
1711256,31
1711880,26
1712508,37
1713132,50
1713756,13
1714388,23
1715012,28
1715640,34
1716272,26
1716888,23
1717516,18
1718140,14
1718772,37
1719400,35
1720020,29
1720648,27
1721268,14
1721892,11
1722524,10
1723144,12
1723772,16
1724396,24
1725020,21
1725648,21
1726264,13
1726892,24
1727524,30
1728144,11
1728772,42
1729396,35
1730024,12
1730652,20
1731272,12
1731900,12
1732520,15
1733144,12
1733776,12
1734392,15
1735024,17
1735644,20
1736268,23
1736900,14
1737520,24
1738148,17
1738780,26
1739400,38
1740028,49
1740652,40
1741284,29
1741912,18
1742528,21
1743156,12
1743780,11
1744404,15
1745032,13
1745648,19
1746276,21
1746900,11
1747524,12
1748152,12
1748768,11
1749400,11
1750028,12
1750648,16
1751276,18
1751900,28
1752532,44
1753160,45
1753780,57
1754408,42
1755032,22
1755656,24
1756284,47
1756904,39
1757532,26
1758156,18
1758780,26
1759412,20
1760032,12
1760660,24
1761288,15
1761904,11
1762532,30
1763156,46
1763784,44
1764416,46
1765032,19
1765660,20
1766284,29
1766916,48
1767544,51
1768160,43
1768788,17
1769412,27
1770036,45
1770664,53
1771280,35
1771908,28
1772532,35
1773156,25
1773784,17
1774408,15
1775036,12
1775668,15
1776288,14
1776916,11
1777540,14
1778172,11
1778800,11
1779416,10
1780048,15
1780672,13
1781296,12
1781924,14
1782544,16
1783172,25
1783796,34
1784420,32
1785052,15
1785672,28
1786304,26
1786932,11
1787552,12
1788180,10
1788804,17
1789432,18
1790064,12
1790684,16
1791316,15
1791940,13
1792564,11
1793192,25
1793816,28
1794444,14
1795068,12
1795692,11
1796320,15
1796944,16
1797572,15
1798200,16
1798824,13
1799452,11
1800076,13
1800704,18
1801336,21
1801952,20
1802580,15
1803204,19
1803828,15
1804456,15
1805072,12
1805700,27
1806324,38
1806944,29
1807576,19
1808196,20
1808828,17
1809456,24
1810072,32
1810700,23
1811324,16
1811952,13
1812584,24
1813200,14
1813828,34
1814452,38
1815076,14
1815704,59
1816320,56
1816952,45
1817576,67
1818200,53
1818828,36
1819448,27
1820076,21
1820708,10
1821328,12
1821956,13
1822580,13
1823212,12
1823840,13
1824464,19
1825092,15
1825716,14
1826340,11
1826968,17
1827588,19
1828216,16
1828840,19
1829460,25
1830092,18
1830712,13
1831340,12
1831972,10
1832592,12
1833220,17
1833844,25
1834476,22
1835104,26
1835724,23
1836352,13
1836976,12
1837600,13
1838228,14
1838848,27
1839476,26
1840104,12
1840724,13
1841356,16
1841976,41
1842604,44
1843236,11
1843852,27
1844480,18
1845104,15
1845732,38
1846364,26
1846984,13
1847612,11
1848236,12
1848860,15
1849488,12
1850104,15
1850732,24
1851356,21
1851980,11
1852612,12
1853232,13
1853860,15
1854492,48
1855112,37
1855740,27
1856364,53
1856996,53
1857624,30
1858240,12
1858868,12
1859492,11
1860116,12
1860744,12
1861364,11
1861992,11
1862616,12
1863240,11
1863868,11
1864488,22
1865116,33
1865744,36
1866368,37
1866996,44
1867620,25
1868248,13
1868880,38
1869496,44
1870124,48
1870748,36
1871372,22
1872000,29
1872616,20
1873248,13
1873872,20
1874496,19
1875124,24
1875744,15
1876372,29
1877004,41
1877624,41
1878252,22
1878880,67
1879508,63
1880140,34
1880760,13
1881388,37
1882016,48
1882636,37
1883268,40
1883888,29
1884516,13
1885140,29
1885764,32
1886392,16
1887016,11
1887644,12
1888276,16
1888896,13
1889524,23
1890148,28
1890776,46
1891408,38
1892024,14
1892656,21
1893280,12
1893904,11
1894532,12
1895152,11
1895780,12
1896404,24
1897028,25
1897656,26
1898272,29
1898900,41
1899532,14
1900152,47
1900780,69
1901408,41
1902036,31
1902668,20
1903288,29
1903916,60
1904544,63
1905168,34
1905796,11
1906416,40
1907044,69
1907672,51
1908296,38
1908924,27
1909544,33
1910176,47
1910804,51
1911424,11
1912056,29
1912680,42
1913308,29
1913940,30
1914560,15
1915192,17
1915816,15
1916440,19
1917072,18
1917688,11
1918320,24
1918944,30
1919568,22
1920200,14
1920816,16
1921444,53
1922072,48
1922688,14
1923320,18
1923940,21
1924572,11
1925200,15
1925816,10
1926448,11
1927068,11
1927692,11
1928320,11
1928936,12
1929564,15
1930188,12
1930812,13
1931444,16
1932064,11
1932692,18
1933324,22
1933944,14
1934572,15
1935196,39
1935828,33
1936460,21
1937080,16
1937708,11
1938332,10
1938956,12
1939588,14
1940208,15
1940836,27
1941460,29
1942084,30
1942716,22
1943336,11
1943964,26
1944596,29
1945216,24
1945848,12
1946468,12
1947100,14
1947728,21
1948344,38
1948976,40
1949600,37
1950220,13
1950852,46
1951472,78
1952104,52
1952724,11
1953348,28
1953976,43
1954600,41
1955228,22
1955860,22
1956480,69
1957108,85
1957732,46
1958364,38
1958996,37
1959616,14
1960244,31
1960868,33
1961492,20
1962124,16
1962744,11
1963372,11
1964000,13
1964624,15
1965252,14
1965872,13
1966504,13
1967132,22
1967752,21
1968380,11
1969004,10
1969632,10
1970260,11
1970880,15
1971508,17
1972132,15
1972756,15
1973384,15
1974000,12
1974632,13
1975256,15
1975876,11
1976508,12
1977128,12
1977756,15
1978384,10
1979008,11
1979636,11
1980260,15
1980892,25
1981520,11
1982136,15
1982764,33
1983388,32
1984012,15
1984644,10
1985264,11
1985892,13
1986516,15
1987140,11
1987768,30
1988392,27
1989020,12
1989652,10
1990272,13
1990900,13
1991524,15
1992156,15
1992784,38
1993408,69
1994036,66
1994664,40
1995288,12
1995916,59
1996536,90
1997168,75
1997788,20
1998412,22
1999040,24
1999664,15
2000292,24
2000924,24
2001544,27
2002172,19
2002796,13
2003424,26
2004056,28
2004672,21
2005300,13
2005924,19
2006548,17
2007180,14
2007800,13
2008428,13
2009052,13
2009676,15
2010304,14
2010920,22
2011548,25
2012180,22
2012800,11
2013428,11
2014052,11
2014680,20
2015312,22
2015928,25
2016560,36
2017184,23
2017808,16
2018436,14
2019056,11
2019684,11
2020308,33
2020932,45
2021564,30
2022184,17
2022816,12
2023444,18
2024064,42
2024692,46
2025316,25
2025948,12
2026576,34
2027192,50
2027824,38
2028448,12
2029072,12
2029700,14
2030320,16
2030948,13
2031576,15
2032200,15
2032828,29
2033448,35
2034076,32
2034708,26
2035328,13
2035956,21
2036580,29
2037212,27
2037844,20
2038464,21
2039092,21
2039716,20
2040344,17
2040972,12
2041592,13
2042224,13
2042848,15
2043472,18
2044104,26
2044720,24
2045352,32
2045980,47
2046600,49
2047232,25
2047856,15
2048488,46
2049116,66
2049732,25
2050360,14
2050984,13
2051604,48
2052232,56
2052852,26
2053480,26
2054104,37
2054724,23
2055352,16
2055976,13
2056604,23
2057232,35
2057848,29
2058476,19
2059100,11
2059728,11
2060356,24
2060976,20
2061604,20
2062224,27
2062852,17
2063480,16
2064104,33
2064732,47
2065352,39
2065976,13
2066604,42
2067224,33
2067852,13
2068472,16
2069096,21
2069724,36
2070348,34
2070976,22
2071608,15
2072224,24
2072852,34
2073476,26
2074108,23
2074736,12
2075352,23
2075980,22
2076604,25
2077228,20
2077856,13
2078480,21
2079108,27
2079732,19
2080356,19
2080984,32
2081604,34
2082232,19
2082860,13
2083480,13
2084108,17
2084732,24
2085360,13
2085988,30
2086608,37
2087236,14
2087856,14
2088480,11
2089108,11
2089724,11
2090352,14
2090976,28
2091600,25
2092228,16
2092848,11
2093476,11
2094104,14
2094720,11
2095348,11
2095972,21
2096604,29
2097232,33
2097848,29
2098476,22
2099100,17
2099724,30
2100352,23
2100976,12
2101604,17
2102228,27
2102848,27
2103480,30
2104096,22
2104724,38
2105352,78
2105976,68
2106604,51
2107228,13
2107856,12
2108488,15
2109104,11
2109732,11
2110356,15
2110984,19
2111612,12
2112232,20
2112860,22
2113484,19
2114104,12
2114736,34
2115352,49
2115980,40
2116604,16
2117232,24
2117860,45
2118484,38
2119112,27
2119740,25
2120360,15
2120988,44
2121612,38
2122240,26
2122868,16
2123488,13
2124116,37
2124740,17
2125368,11
2125996,14
2126616,15
2127244,15
2127868,12
2128496,12
2129124,16
2129748,12
2130380,19
2131008,31
2131624,48
2132252,50
2132876,20
2133504,20
2134136,42
2134752,29
2135380,14
2136004,17
2136628,16
2137256,14
2137876,26
2138504,33
2139128,21
2139752,21
2140380,21
2141004,12
2141632,19
2142260,26
2142880,33
2143508,11
2144132,18
2144760,39
2145392,29
2146008,11
2146636,31
2147260,15
2147884,13
2148512,27
2149128,23
2149760,33
2150384,25
2151008,13
2151636,30
2152260,33
2152892,11
2153520,18
2154136,29
2154768,17
2155392,17
2156020,28
2156648,12
2157272,12
2157900,12
2158524,15
2159148,19
2159780,36
2160400,37
2161028,24
2161652,19
2162276,51
2162904,28
2163528,13
2164156,11
2164784,13
2165408,37
2166036,35
2166660,21
2167292,24
2167920,23
2168540,23
2169168,18
2169792,11
2170416,11
2171044,16
2171664,26
2172292,28
2172916,28
2173540,22
2174172,12
2174796,21
2175424,17
2176056,12
2176668,16
2177300,15
2177920,11
2178548,10
2179176,14
2179800,21
2180428,15
2181052,12
2181676,15
2182304,16
2182928,20
2183556,19
2184180,19
2184804,35
2185432,29
2186056,12
2186684,17
2187316,14
2187936,11
2188564,20
2189188,18
2189820,12
2190448,31
2191068,30
2191696,25
2192320,21
2192944,11
2193572,44
2194192,63
2194820,44
2195444,15
2196068,11
2196700,13
2197324,17
2197952,18
2198580,17
2199200,12
2199828,13
2200452,14
2201084,12
2201716,10
2202336,11
2202964,9
2203536,13
2204164,11
2204796,10
2205416,20
2206044,19
2206672,19
2207296,24
2207924,38
2208544,18
2209172,23
2209804,32
2210424,14
2211052,14
2211676,19
2212308,20
2212936,11
2213560,31
2214188,41
2214812,27
2215436,15
2216068,11
2216688,12
2217316,16
2217940,11
2218564,15
2219192,12
2219816,19
2220444,18
2221076,11
2221696,21
2222324,32
2222948,24
2223580,13
2224208,20
2224832,17
2225460,12
2226084,16
2226708,11
2227340,12
2227960,15
2228588,13
2229212,11
2229836,11
2230468,10
2231088,12
2231716,12
2232348,11
2232968,15
2233596,12
2234224,17
2234852,14
2235484,16
2236104,28
2236736,21
2237360,19
2237984,26
2238616,15
2239232,26
2239864,42
2240488,40
2241108,13
2241740,23
2242360,52
2242988,98
2243620,70
2244240,37
2244868,19
2245492,11
2246120,15
2246752,17
2247368,20
2248000,17
2248624,12
2249248,11
2249876,26
2250496,28
2251124,18
2251752,14
2252376,12
2253008,24
2253624,39
2254252,37
2254880,23
2255496,16
2256128,12
2256748,14
2257380,11
2258008,11
2258624,12
2259252,12
2259876,10
2260500,11
2261128,12
2261744,13
2262376,16
2263000,16
2263624,11
2264252,12
2264872,15
2265500,17
2266132,15
2266752,13
2267380,11
2268004,14
2268636,23
2269264,35
2269884,28
2270512,13
2271136,10
2271760,24
2272392,23
2273008,15
2273636,12
2274260,12
2274884,30
2275516,34
2276136,26
2276764,11
2277396,16
2278016,27
2278644,32
2279268,30
2279900,13
2280528,16
2281152,32
2281780,54
2282404,32
2283028,13
2283660,12
2284280,18
2284908,15
2285532,25
2286156,28
2286788,22
2287408,17
2288036,11
2288668,12
2289288,15
2289916,35
2290540,33
2291172,19
2291804,20
2292424,21
2293052,18
2293680,13
2294304,12
2294932,11
2295552,13
2296180,23
2296804,13
2297428,19
2298060,34
2298680,29
2299308,19
2299940,28
2300560,49
2301188,13
2301816,17
2302444,21
2303076,23
2303696,14
2304328,11
2304948,23
2305572,19
2306200,19
2306824,20
2307452,14
2308076,12
2308700,11
2309328,10
2309944,11
2310576,11
2311204,10
2311824,18
2312452,21
2313076,11
2313708,14
2314336,16
2314952,15
2315584,13
2316208,12
2316832,17
2317460,10
2318080,11
2318708,15
2319332,15
2319956,31
2320588,52
2321208,52
2321836,29
2322468,12
2323088,31
2323716,47
2324340,53
2324972,61
2325600,45
2326216,27
2326848,12
2327472,22
2328096,27
2328724,18
2329344,16
2329972,15
2330596,13
2331220,20
2331852,12
2332472,13
2333100,12
2333732,14
2334352,13
2334984,13
2335608,18
2336236,12
2336864,12
2337488,16
2338116,11
2338740,14
2339364,20
2339992,28
2340616,16
2341244,15
2341868,17
2342492,17
2343124,33
2343748,54
2344376,49
2345004,11
2345624,21
2346252,16
2346876,11
2347508,18
2348136,18
2348760,12
2349392,15
2350016,13
2350640,12
2351268,14
2351888,19
2352520,19
2353144,15
2353768,14
2354396,18
2355024,20
2355656,16
2356284,11
2356904,14
2357532,12
2358156,12
2358788,12
2359420,17
2360040,21
2360668,14
2361292,12
2361916,11
2362548,10
2363168,24
2363796,23
2364428,12
2365048,16
2365676,12
2366300,51
2366932,64
2367564,26
2368184,11
2368812,10
2369436,13
2370060,17
2370688,18
2371312,16
2371940,12
2372564,13
2373188,14
2373820,12
2374440,25
2375068,41
2375700,40
2376320,23
2376948,17
2377572,21
2378204,16
2378832,16
2379456,28
2380084,27
2380712,29
2381336,24
2381964,19
2382584,38
2383212,36
2383836,21
2384464,11
2385092,22
2385712,41
2386340,31
2386972,17
2387592,12
2388220,11
2388844,11
2389476,19
2390104,26
2390728,21
2391360,28
2391984,23
2392608,18
2393240,16
2393856,31
2394488,52
2395112,81
2395736,39
2396368,11
2396984,15
2397612,12
2398244,15
2398864,21
2399496,15
2400120,14
2400748,23
2401380,31
2402000,40
2402628,34
2403252,25
2403876,12
2404504,34
2405128,56
2405756,46
2406384,16
2407008,14
2407636,16
2408260,14
2408892,13
2409520,22
2410136,12
2410768,21
2411392,12
2412020,24
2412652,34
2413272,25
2413900,11
2414528,17
2415152,16
2415780,13
2416400,12
2417028,21
2417652,31
2418276,31
2418908,16
2419532,14
2420160,19
2420792,21
2421408,13
2422036,19
2422664,12
2423292,23
2423924,22
2424544,22
2425172,27
2425800,25
2426424,12
2427052,12
2427672,13
2428300,15
2428928,18
2429552,28
2430184,19
2430808,11
2431440,17
2432068,16
2432688,16
2433316,14
2433940,18
2434564,32
2435196,46
2435816,35
2436448,18
2437072,19
2437696,19
2438324,28
2438944,42
2439572,39
2440204,50
2440824,35
2441452,21
2442076,21
2442708,12
2443340,12
2443960,16
2444592,11
2445216,16
2445840,12
2446468,11
2447088,11
2447720,23
2448344,21
2448968,16
2449596,14
2450216,13
2450848,11
2451476,10
2452096,15
2452724,19
2453352,17
2453980,11
2454612,10
2455232,11
2455864,11
2456488,12
2457112,12
2457744,13
2458360,13
2458988,12
2459612,14
2460236,12
2460864,29
2461480,16
2462108,11
2462736,10
2463360,13
2463988,12
2464612,16
2465240,18
2465872,11
2466488,12
2467116,13
2467740,15
2468364,33
2468996,33
2469616,15
2470244,21
2470868,15
2471492,11
2472120,10
2472744,25
2473372,26
2474004,21
2474624,14
2475252,11
2475876,12
2476508,17
2477136,32
2477760,37
2478388,19
2479012,12
2479640,17
2480268,30
2480888,32
2481516,13
2482140,12
2482764,13
2483392,13
2484016,11
2484644,11
2485272,14
2485892,18
2486520,11
2487144,11
2487772,15
2488404,16
2489024,12
2489652,14
2490276,24
2490900,24
2491528,16
2492148,10
2492776,15
2493400,23
2494024,27
2494652,26
2495272,25
2495904,17
2496532,28
2497152,49
2497780,45
2498404,35
2499036,23
2499664,14
2500284,14
2500912,13
2501536,13
2502160,37
2502788,33
2503408,16
2504036,11
2504660,29
2505284,34
2505916,25
2506536,13
2507164,21
2507796,14
2508416,19
2509048,43
2509668,30
2510300,40
2510928,39
2511552,16
2512180,61
2512804,65
2513428,40
2514060,33
2514680,28
2515308,17
2515932,11
2516556,15
2517188,20
2517808,15
2518440,17
2519068,27
2519688,35
2520316,26
2520944,15
2521572,12
2522204,12
2522824,11
2523452,18
2524080,25
2524704,21
2525332,16
2525952,16
2526584,15
2527208,12
2527832,11
2528464,11
2529080,11
2529712,13
2530340,11
2530960,16
2531592,13
2532216,17
2532844,28
2533476,48
2534096,51
2534728,23
2535352,21
2535976,52
2536608,59
2537224,65
2537856,37
2538480,15
2539104,11
2539736,21
2540360,24
2540988,25
2541620,12
2542240,16
2542868,13
2543492,17
2544124,20
2544756,16
2545376,23
2546004,15
2546628,16
2547256,50
2547884,79
2548504,72
2549136,38
2549764,27
2550384,32
2551016,35
2551640,35
2552272,22
2552904,13
2553520,10
2554152,13
2554780,11
2555404,17
2556036,22
2556656,26
2557288,41
2557912,25
2558536,11
2559168,10
2559792,23
2560428,25
2561056,18
2561672,13
2562300,11
2562920,11
2563548,16
2564180,18
2564796,15
2565428,19
2566052,33
2566672,28
2567300,16
2567920,11
2568548,10
2569172,16
2569792,15
2570424,11
2571040,12
2571668,16
2572296,21
2572912,29
2573544,28
2574164,15
2574796,24
2575424,37
2576040,38
2576668,22
2577292,11
2577920,10
2578552,21
2579168,14
2579796,14
2580420,16
2581044,16
2581676,39
2582296,50
2582924,41
2583548,25
2584176,14
2584804,19
2585428,82
2586060,79
2586688,59
2587304,36
2587932,11
2588556,14
2589188,20
2589816,28
2590432,24
2591064,19
2591688,16
2592312,11
2592940,17
2593560,23
2594188,13
2594812,10
2595440,11
2596068,14
2596692,11
2597320,12
2597952,13
2598572,12
2599200,13
2599824,13
2600452,13
2601084,10
2601704,11
2602332,19
2602956,24
2603580,15
2604208,20
2604824,15
2605452,13
2606076,12
2606704,19
2607332,12
2607956,13
2608588,16
2609220,23
2609840,28
2610468,13
2611092,11
2611720,11
2612348,11
2612968,21
2613596,53
2614220,57
2614844,37
2615476,15
2616096,14
2616724,24
2617356,36
2617976,18
2618604,10
2619228,35
2619860,35
2620488,10
2621112,13
2621744,12
2622364,16
2622988,24
2623616,18
2624240,25
2624868,14
2625488,21
2626108,26
2626740,23
2627356,19
2627988,11
2628616,34
2629232,51
2629860,34
2630484,31
2631112,19
2631740,16
2632360,12
2632988,19
2633608,19
2634236,11
2634868,10
2635488,12
2636116,11
2636740,16
2637364,17
2637992,11
2638616,16
2639244,20
2639868,12
2640496,12
2641124,11
2641748,11
2642376,13
2643004,18
2643624,16
2644252,14
2644872,11
2645500,11
2646132,14
2646752,17
2647380,16
2648004,20
2648624,14
2649256,13
2649872,16
2650500,10
2651124,16
2651748,11
2652376,15
2653000,11
2653628,40
2654256,47
2654880,42
2655508,21
2656132,13
2656760,12
2657392,12
2658008,33
2658636,30
2659260,12
2659884,18
2660512,10
2661128,12
2661760,12
2662384,14
2663008,23
2663636,24
2664260,21
2664888,18
2665516,22
2666136,19
2666764,12
2667388,28
2668016,56
2668644,46
2669264,14
2669892,13
2670516,12
2671136,20
2671768,51
2672384,31
2673016,12
2673636,12
2674260,21
2674888,34
2675504,28
2676136,20
2676764,12
2677384,22
2678012,22
2678636,26
2679264,30
2679896,16
2680512,12
2681140,13
2681764,15
2682388,14
2683016,20
2683636,12
2684264,21
2684888,12
2685508,10
2686140,16
2686760,18
2687388,65
2688020,67
2688636,38
2689264,12
2689888,31
2690516,47
2691144,48
2691768,27
2692396,16
2693020,52
2693644,60
2694272,26
2694892,12
2695520,12
2696144,11
2696764,11
2697396,18
2698016,25
2698644,15
2699272,12
2699896,15
2700524,24
2701148,17
2701780,15
2702408,40
2703024,48
2703656,26
2704280,12
2704900,17
2705532,32
2706152,36
2706780,28
2707404,19
2708028,13
2708656,10
2709272,14
2709904,20
2710532,23
2711152,19
2711780,17
2712404,11
2713036,24
2713664,15
2714284,16
2714916,25
2715540,14
2716164,34
2716796,32
2717416,18
2718044,13
2718668,11
2719292,13
2719924,12
2720544,17
2721172,17
2721800,10
2722424,17
2723052,30
2723676,28
2724304,31
2724936,23
2725552,23
2726180,13
2726804,12
2727428,14
2728060,12
2728680,11
2729308,11
2729932,12
2730552,11
2731184,13
2731800,21
2732432,25
2733060,18
2733680,11
2734308,14
2734932,19
2735564,26
2736192,31
2736808,14
2737440,11
2738060,12
2738692,16
2739320,35
2739944,37
2740572,20
2741196,27
2741820,13
2742448,57
2743064,68
2743696,19
2744324,21
2744944,26
2745572,20
2746196,25
2746824,24
2747456,14
2748072,11
2748704,14
2749328,19
2749956,33
2750588,32
2751208,22
2751836,12
2752464,14
2753084,32
2753716,27
2754336,13
2754964,11
2755596,10
2756216,12
2756844,17
2757468,23
2758096,15
2758728,10
2759344,11
2759976,17
2760600,19
2761224,14
2761852,11
2762472,17
2763100,23
2763728,22
2764352,13
2764980,13
2765600,16
2766228,16
2766856,17
2767476,22
2768104,15
2768728,19
2769356,15
2769984,15
2770608,15
2771236,10
2771860,12
2772484,12
2773116,12
2773736,15
2774368,12
2774992,16
2775616,17
2776244,21
2776864,19
2777492,15
2778124,17
2778744,21
2779372,12
2779996,25
2780628,22
2781260,17
2781880,14
2782508,24
2783136,27
2783760,17
2784392,28
2785008,29
2785636,32
2786260,17
2786884,13
2787512,16
2788132,17
2788760,12
2789388,19
2790008,35
2790636,16
2791260,13
2791892,19
2792520,11
2793136,25
2793768,13
2794392,13
2795016,53
2795648,83
2796264,19
2796892,38
2797516,45
2798140,29
2798772,16
2799392,17
2800020,41
2800652,30
2801272,25
2801900,21
2802524,12
2803156,10
2803784,10
2804408,14
2805036,11
2805660,12
2806284,19
2806916,14
2807536,12
2808164,12
2808788,11
2809412,11
2810044,12
2810664,12
2811292,17
2811924,10
2812544,14
2813172,19
2813800,21
2814428,27
2815060,42
2815680,32
2816312,18
2816932,11
2817556,20
2818184,74
2818808,56
2819436,11
2820060,21
2820684,12
2821312,18
2821928,11
2822560,28
2823188,18
2823808,13
2824436,23
2825060,12
2825688,23
2826320,34
2826936,41
2827564,29
2828188,26
2828812,55
2829440,33
2830056,12
2830684,32
2831308,20
2831932,14
2832564,16
2833184,18
2833812,36
2834444,32
2835064,14
2835692,25
2836316,21
2836948,61
2837580,56
2838200,25
2838828,23
2839452,30
2840076,45
2840708,28
2841328,14
2841956,23
2842580,24
2843204,16
2843832,12
2844456,13
2845084,20
2845716,22
2846336,13
2846968,12
2847588,16
2848220,13
2848848,14
2849472,20
2850100,14
2850724,10
2851348,13
2851976,13
2852600,13
2853228,10
2853852,28
2854476,41
2855108,22
2855728,18
2856356,31
2856988,46
2857608,50
2858236,33
2858860,12
2859492,23
2860124,36
2860744,38
2861376,33
2862000,21
2862624,13
2863256,14
2863872,19
2864504,13
2865128,19
2865752,30
2866384,16
2867000,30
2867632,33
2868264,17
2868880,11
2869508,17
2870132,14
2870760,12
2871388,12
2872008,13
2872636,11
2873260,18
2873884,28
2874512,25
2875132,13
2875760,16
2876384,12
2877008,14
2877636,10
2878256,16
2878884,29
2879516,38
2880136,26
2880764,12
2881384,19
2882016,34
2882644,50
2883264,37
2883892,17
2884512,27
2885136,21
2885764,12
2886384,13
2887012,19
2887636,13
2888260,11
2888888,11
2889504,12
2890136,15
2890764,13
2891384,13
2892012,14
2892636,15
2893268,12
2893896,38
2894512,61
2895144,53
2895768,16
2896388,11
2897020,10
2897640,13
2898268,21
2898892,28
2899516,20
2900144,11
2900760,15
2901392,13
2902024,31
2902640,41
2903268,34
2903892,30
2904524,13
2905152,41
2905772,37
2906400,15
2907024,23
2907652,24
2908284,16
2908904,14
2909532,16
2910156,11
2910780,11
2911412,23
2912032,21
2912660,13
2913292,10
2913912,11
2914540,12
2915164,13
2915796,22
2916428,20
2917048,23
2917676,16
2918304,15
2918928,26
2919556,19
2920176,11
2920804,15
2921428,23
2922052,25
2922680,15
2923304,13
2923932,21
2924564,30
2925184,32
2925812,27
2926436,19
2927068,16
2927700,10
2928320,11
2928948,11
2929572,19
2930196,19
2930828,16
2931448,15
2932076,13
2932700,13
2933324,14
2933956,40
2934576,59
2935204,59
2935836,41
2936456,12
2937084,49
2937708,83
2938340,59
2938972,42
2939592,21
2940224,12
2940848,11
2941472,14
2942100,19
2942720,17
2943348,16
2943976,21
2944600,28
2945232,31
2945848,34
2946480,22
2947108,18
2947728,17
2948356,55
2948984,55
2949612,38
2950240,38
2950864,15
2951492,28
2952116,22
2952740,12
2953368,15
2953992,27
2954620,22
2955244,17
2955868,11
2956500,11
2957124,14
2957752,16
2958380,11
2959000,11
2959628,11
2960252,11
2960884,10
2961512,11
2962128,14
2962760,12
2963384,11
2964008,14
2964636,12
2965256,33
2965884,25
2966508,19
2967132,11
2967764,14
2968388,31
2969016,52
2969648,33
2970264,12
2970892,11
2971516,10
2972144,11
2972776,12
2973392,13
2974020,16
2974644,19
2975268,15
2975900,12
2976520,11
2977148,11
2977772,13
2978396,11
2979024,17
2979652,17
2980280,14
2980908,12
2981528,20
2982156,25
2982784,33
2983412,19
2984044,30
2984664,47
2985292,31
2985916,11
2986540,15
2987172,16
2987792,19
2988420,13
2989048,21
2989672,24
2990300,13
2990924,13
2991556,11
2992184,10
2992808,10
2993436,11
2994060,16
2994692,31
2995324,36
2995944,41
2996572,46
2997196,34
2997820,14
2998452,34
2999072,50
2999704,37
3000332,23
3000952,13
3001580,11
3002208,45
3002836,51
3003468,14
3004088,16
3004716,10
3005344,12
3005968,19
3006600,22
3007216,19
3007848,15
3008472,14
3009096,11
3009724,14
3010344,21
3010976,14
3011604,21
3012224,26
3012852,30
3013480,15
3014108,19
3014740,29
3015360,23
3015988,21
3016616,12
3017240,25
3017868,24
3018488,37
3019116,32
3019744,29
3020368,23
3021000,11
3021616,13
3022244,11
3022876,12
3023496,12
3024128,11
3024752,12
3025380,11
3026012,10
3026632,12
3027264,12
3027888,11
3028512,24
3029140,45
3029760,48
3030392,32
3031016,13
3031640,14
3032272,16
3032892,16
3033520,11
3034152,14
3034772,11
3035400,15
3036028,10
3036656,20
3037288,33
3037908,45
3038540,31
3039164,12
3039788,16
3040420,12
3041040,17
3041668,12
3042292,19
3042916,20
3043548,18
3044172,19
3044800,12
3045432,33
3046052,51
3046680,37
3047304,26
3047936,16
3048568,12
3049184,12
3049816,11
3050440,11
3051064,11
3051692,14
3052312,13
3052944,11
3053572,10
3054192,11
3054824,29
3055448,32
3056076,17
3056708,17
3057328,49
3057956,37
3058584,21
3059208,16
3059836,24
3060456,24
3061088,17
3061712,19
3062336,13
3062968,11
3063584,22
3064216,24
3064848,36
3065464,49
3066096,40
3066720,26
3067352,12
3067984,10
3068600,12
3069232,17
3069860,19
3070484,21
3071116,13
3071740,10
3072372,17
3072992,12
3073616,13
3074244,12
3074864,11
3075492,10
3076120,10
3076744,11
3077372,11
3077996,11
3078628,15
3079256,23
3079872,29
3080504,37
3081128,17
3081752,24
3082380,24
3083000,16
3083628,19
3084252,13
3084876,10
3085504,11
3086128,11
3086756,10
3087388,12
3088008,11
3088636,16
3089260,13
3089892,24
3090520,25
3091140,31
3091772,28
3092396,11
3093020,17
3093648,38
3094272,44
3094900,39
3095528,20
3096152,23
3096780,46
3097400,48
3098032,21
3098660,12
3099280,13
3099908,13
3100532,14
3101164,17
3101796,10
3102416,17
3103044,22
3103672,19
3104296,17
3104924,19
3105544,15
3106176,28
3106800,43
3107424,31
3108052,28
3108676,18
3109308,17
3109940,34
3110560,39
3111188,47
3111816,49
3112448,21
3113076,12
3113696,13
3114324,15
3114948,12
3115572,32
3116204,26
3116824,29
3117452,11
3118076,15
3118704,12
3119336,20
3119960,18
3120592,15
3121220,11
3121840,17
3122468,27
3123096,13
3123720,31
3124348,58
3124968,63
3125596,21
3126220,19
3126844,31
3127476,31
3128096,37
3128724,32
3129356,30
3129976,26
3130604,29
3131228,22
3131860,23
3132492,27
3133112,25
3133744,23
3134368,19
3134992,12
3135624,14
3136240,12
3136872,12
3137496,11
3138120,14
3138748,12
3139368,13
3139996,18
3140628,23
3141248,39
3141876,25
3142504,11
3143132,11
3143764,10
3144384,15
3145012,11
3145636,13
3146264,12
3146892,12
3147512,13
3148144,13
3148768,13
3149392,23
3150024,13
3150644,12
3151272,10
3151904,13
3152524,11
3153156,18
3153780,24
3154412,10
3155040,10
3155664,20
3156292,16
3156920,19
3157544,19
3158176,18
3158792,15
3159424,15
3160048,19
3160672,15
3161304,24
3161928,25
3162556,33
3163188,30
3163808,24
3164440,12
3165064,32
3165696,51
3166324,44
3166944,24
3167576,15
3168200,11
3168824,17
3169452,51
3170072,65
3170704,57
3171332,37
3171952,17
3172584,35
3173208,83
3173840,54
3174472,35
3175088,44
3175716,58
3176344,49
3176968,26
3177596,26
3178216,25
3178848,18
3179472,14
3180096,13
3180728,18
3181344,15
3181976,13
3182608,15
3183224,13
3183856,15
3184484,16
3185112,12
3185744,13
3186364,10
3186996,29
3187620,49
3188244,53
3188876,39
3189496,26
3190128,14
3190752,40
3191376,49
3192008,52
3192628,42
3193256,21
3193888,10
3194512,24
3195144,37
3195772,36
3196400,19
3197032,11
3197652,19
3198284,25
3198908,30
3199536,29
3200168,11
3200780,47
3201412,35
3202032,38
3202656,43
3203284,13
3203908,11
3204536,11
3205164,10
3205784,33
3206412,35
3207032,21
3207664,27
3208292,11
3208912,23
3209540,11
3210164,17
3210788,20
3211416,36
3212040,42
3212668,24
3213292,15
3213916,12
3214548,30
3215172,52
3215800,41
3216428,26
3217048,14
3217676,10
3218300,13
3218928,17
3219560,13
3220176,10
3220808,11
3221428,11
3222056,11
3222684,11
3223304,22
3223932,31
3224560,29
3225180,19
3225812,12
3226436,23
3227064,36
3227692,22
3228312,12
3228940,11
3229564,19
3230196,17
3230824,12
3231448,13
3232076,12
3232700,25
3233324,47
3233956,21
3234576,11
3235204,12
3235828,15
3236452,11
3237084,10
3237708,13
3238336,19
3238968,12
3239588,17
3240216,19
3240840,13
3241468,15
3242100,15
3242720,15
3243348,33
3243972,20
3244600,15
3245228,14
3245848,16
3246476,11
3247100,11
3247728,13
3248356,34
3248984,23
3249612,12
3250240,32
3250860,24
3251488,19
3252112,26
3252744,39
3253372,27
3253992,11
3254624,11
3255248,21
3255872,29
3256504,31
3257120,27
3257748,17
3258380,12
3259000,16
3259628,32
3260256,46
3260884,49
3261516,40
3262136,16
3262768,31
3263392,66
3264016,42
3264644,18
3265264,15
3265892,24
3266520,18
3267144,15
3267772,32
3268392,36
3269024,53
3269652,34
3270272,12
3270904,12
3271528,26
3272160,38
3272788,30
3273408,33
3274040,16
3274664,15
3275288,14
3275920,38
3276540,23
3277168,14
3277792,18
3278412,12
3279040,13
3279660,11
3280292,12
3280920,16
3281536,13
3282164,15
3282784,19
3283412,16
3284040,18
3284656,15
3285284,12
3285904,30
3286532,26
3287164,13
3287780,17
3288412,12
3289032,12
3289656,12
3290284,32
3290904,41
3291532,15
3292152,65
3292776,75
3293404,52
3294028,36
3294656,25
3295288,14
3295904,23
3296532,13
3297156,15
3297784,22
3298416,13
3299032,15
3299660,27
3300284,26
3300904,22
3301532,14
3302152,25
3302780,21
3303404,12
3304028,19
3304656,38
3305272,49
3305900,29
3306532,14
3307152,13
3307780,14
3308404,21
3309032,31
3309664,27
3310280,17
3310908,12
3311532,35
3312156,42
3312788,19
3313408,14
3314036,14
3314660,19
3315284,16
3315912,16
3316532,13
3317160,17
3317788,12
3318408,11
3319036,14
3319660,18
3320288,11
3320920,16
3321536,26
3322164,27
3322788,25
3323412,35
3324044,17
3324664,39
3325292,34
3325916,27
3326540,29
3327172,10
3327792,29
3328424,37
3329052,20
3329668,13
3330300,17
3330920,27
3331552,28
3332180,16
3332800,15
3333428,37
3334052,31
3334672,11
3335304,13
3335920,47
3336548,35
3337172,11
3337796,15
3338424,33
3339040,46
3339668,56
3340300,51
3340920,17
3341548,63
3342172,81
3342800,64
3343428,40
3344048,31
3344676,20
3345296,17
3345924,13
3346556,12
3347176,17
3347804,25
3348428,28
3349052,25
3349684,16
3350304,14
3350932,15
3351564,10
3352184,13
3352812,19
3353436,19
3354068,14
3354696,12
3355320,25
3355948,32
3356576,14
3357196,21
3357828,12
3358448,11
3359076,12
3359700,16
3360324,31
3360952,34
3361576,12
3362204,29
3362832,33
3363448,34
3364080,30
3364700,18
3365328,27
3365960,46
3366576,36
3367204,27
3367828,26
3368452,16
3369084,12
3369704,10
3370332,10
3370956,11
3371576,11
3372208,21
3372824,18
3373452,16
3374076,18
3374704,13
3375332,33
3375960,20
3376588,11
3377220,18
3377840,25
3378468,34
3379092,37
3379720,13
3380348,16
3380968,14
3381596,31
3382220,42
3382844,22
3383472,17
3384088,20
3384716,10
3385340,22
3385968,35
3386596,27
3387220,22
3387848,11
3388476,18
3389096,43
3389724,29
3390348,12
3390980,20
3391608,40
3392228,38
3392856,17
3393476,37
3394100,38
3394732,31
3395352,19
3395980,43
3396604,44
3397232,25
3397860,11
3398484,14
3399112,14
3399744,13
3400360,12
3400988,37
3401612,24
3402240,12
3402868,26
3403488,35
3404116,26
3404740,27
3405364,13
3405996,66
3406616,67
3407244,40
3407868,31
3408496,20
3409124,15
3409748,12
3410376,12
3411008,10
3411624,16
3412256,20
3412880,17
3413508,12
3414136,23
3414760,16
3415388,24
3416012,38
3416636,15
3417268,82
3417888,44
3418516,11
3419148,22
3419768,23
3420396,11
3421020,35
3421652,34
3422280,23
3422904,20
3423532,18
3424156,15
3424780,13
3425412,10
3426032,21
3426660,27
3427284,29
3427908,29
3428540,13
3429160,41
3429788,34
3430420,33
3431040,27
3431668,16
3432292,11
3432924,13
3433552,15
3434172,15
3434804,14
3435428,11
3436052,13
3436680,10
3437304,12
3437932,16
3438560,14
3439184,12
3439812,12
3440432,34
3441064,17
3441692,10
3442312,16
3442940,17
3443564,27
3444192,14
3444824,11
3445440,14
3446068,16
3446692,11
3447316,14
3447948,24
3448568,17
3449196,15
3449820,19
3450444,17
3451076,15
3451696,23
3452324,47
3452956,46
3453576,23
3454204,16
3454832,12
3455460,23
3456092,16
3456708,17
3457340,11
3457964,57
3458584,79
3459216,67
3459832,35
3460460,13
3461084,81
3461708,132
3462392,108
3463060,56
3463684,31
3464312,14
3464932,33
3465560,35
3466184,28
3466808,31
3467436,29
3468056,13
3468684,18
3469308,10
3469936,22
3470564,33
3471188,30
3471820,11
3472452,11
3473072,17
3473700,20
3474324,22
3474952,28
3475580,13
3476200,11
3476828,11
3477452,19
3478076,17
3478708,10
3479328,17
3479960,33
3480588,34
3481208,26
3481840,13
3482460,17
3483088,20
3483720,12
3484336,13
3484964,19
3485588,21
3486212,11
3486844,13
3487464,11
3488092,19
3488716,41
3489340,24
3489968,16
3490584,12
3491212,54
3491836,72
3492464,15
3493092,13
3493716,12
3494348,11
3494980,10
3495600,11
3496228,13
3496852,11
3497480,13
3498108,12
3498728,12
3499356,18
3499984,49
3500608,40
3501240,32
3501856,16
3502488,57
3503116,58
3503736,20
3504368,20
3504992,33
3505620,32
3506252,26
3506872,13
3507504,19
3508128,13
3508752,23
3509380,26
3510000,22
3510628,11
3511256,13
3511880,13
3512508,15
3513128,12
3513760,14
3514388,20
3515008,29
3515640,36
3516264,25
3516892,14
3517524,13
3518144,11
3518776,25
3519400,41
3520024,32
3520652,29
3521272,12
3521900,39
3522528,51
3523152,30
3523780,17
3524400,20
3525028,33
3525660,18
3526280,13
3526908,19
3527532,25
3528164,31
3528792,20
3529412,14
3530040,12
3530664,14
3531288,22
3531916,20
3532536,13
3533168,23
3533788,26
3534412,24
3535040,20
3535664,13
3536292,11
3536924,10
3537544,11
3538172,12
3538796,21
3539428,21
3540056,20
3540680,13
3541308,13
3541932,12
3542556,12
3543188,10
3543808,21
3544436,25
3545060,29
3545684,27
3546316,23
3546936,20
3547564,15
3548196,12
3548816,25
3549444,39
3550068,46
3550700,33
3551332,14
3551952,36
3552584,17
3553208,19
3553832,22
3554460,12
3555080,11
3555712,22
3556336,25
3556960,13
3557588,12
3558216,12
3558848,12
3559476,17
3560096,36
3560724,25
3561348,17
3561980,25
3562612,14
3563232,12
3563864,13
3564484,15
3565108,14
3565740,36
3566360,23
3566988,11
3567616,13
3568240,25
3568868,38
3569492,24
3570124,11
3570756,23
3571376,33
3572004,29
3572628,14
3573256,18
3573888,13
3574504,15
3575132,19
3575760,13
3576384,17
3577016,33
3577632,22
3578264,12
3578896,23
3579512,24
3580144,21
3580768,27
3581400,25
3582032,18
3582652,20
3583280,49
3583908,45
3584532,40
3585164,13
3585784,17
3586412,12
3587036,13
3587660,11
3588288,23
3588912,17
3589540,17
3590172,25
3590792,29
3591420,24
3592044,12
3592676,16
3593304,14
3593928,13
3594556,17
3595180,21
3595808,18
3596436,12
3597056,19
3597684,34
3598308,35
3598936,34
3599564,36
3600184,20
3600812,37
3601440,31
3602064,12
3602692,33
3603316,38
3603948,57
3604576,67
3605200,38
3605828,22
3606452,36
3607072,34
3607704,19
3608320,14
3608948,11
3609572,11
3610196,12
3610828,14
3611448,11
3612076,13
3612708,11
3613328,19
3613956,15
3614580,13
3615212,18
3615840,18
3616460,11
3617088,17
3617712,11
3618332,15
3618964,25
3619584,19
3620212,10
3620836,12
3621460,17
3622088,18
3622712,14
3623340,15
3623972,34
3624592,23
3625220,11
3625844,11
3626476,15
3627104,28
3627724,38
3628352,26
3628976,12
3629600,32
3630228,30
3630848,15
3631476,15
3632100,20
3632724,13
3633356,22
3633976,14
3634604,13
3635236,11
3635856,19
3636484,25
3637108,24
3637736,12
3638368,11
3638988,14
3639616,15
3640240,11
3640864,12
3641492,11
3642112,13
3642740,19
3643368,11
3643988,11
3644620,11
3645240,12
3645868,13
3646500,16
3647120,33
3647752,17
3648376,17
3649004,24
3649632,11
3650248,15
3650880,19
3651504,25
3652128,38
3652756,34
3653376,35
3654004,32
3654628,16
3655252,21
3655884,42
3656504,28
3657132,17
3657764,43
3658384,51
3659012,29
3659640,13
3660268,31
3660900,44
3661520,69
3662148,78
3662772,37
3663396,14
3664028,13
3664648,13
3665276,19
3665900,19
3666528,13
3667156,14
3667780,16
3668412,11
3669044,13
3669664,11
3670296,11
3670920,17
3671552,11
3672180,11
3672800,16
3673428,19
3674056,11
3674680,14
3675312,17
3675928,15
3676560,10
3677188,12
3677808,24
3678440,39
3679064,33
3679692,30
3680324,44
3680944,50
3681572,15
3682200,64
3682824,89
3683452,76
3684072,37
3684700,11
3685328,17
3685952,17
3686584,18
3687200,19
3687828,11
3688456,22
3689072,13
3689700,19
3690324,21
3690952,23
3691580,14
3692200,33
3692828,21
3693452,36
3694080,54
3694708,38
3695328,13
3695956,21
3696584,19
3697208,34
3697836,18
3698456,12
3699084,15
3699708,10
3700336,47
3700964,58
3701588,27
3702220,11
3702848,14
3703472,10
3704100,10
3704728,10
3705352,17
3705980,14
3706600,19
3707228,25
3707852,18
3708476,14
3709108,10
3709728,18
3710356,15
3710988,11
3711608,32
3712240,52
3712860,61
3713492,32
3714120,20
3714740,70
3715368,67
3715992,15
3716616,15
3717244,12
3717864,33
3718492,25
3719116,10
3719740,13
3720372,18
3720992,12
3721620,12
3722252,10
3722872,13
3723500,16
3724128,17
3724756,35
3725388,39
3726008,28
3726636,13
3727264,26
3727888,25
3728516,30
3729136,37
3729764,28
3730388,13
3731016,33
3731644,48
3732264,37
3732892,12
3733524,11
3734144,16
3734776,11
3735400,11
3736028,17
3736660,28
3737280,17
3737912,13
3738536,27
3739160,31
3739788,18
3740408,13
3741036,13
3741660,19
3742288,13
3742916,19
3743536,34
3744168,41
3744796,23
3745416,13
3746044,14
3746672,15
3747300,16
3747932,24
3748552,39
3749184,38
3749808,24
3750432,12
3751060,12
3751680,36
3752308,35
3752936,20
3753560,12
3754192,11
3754808,15
3755440,14
3756072,19
3756688,33
3757320,30
3757948,15
3758576,10
3759208,10
3759828,13
3760460,11
3761084,21
3761708,20
3762336,29
3762960,25
3763592,15
3764216,13
3764840,13
3765468,21
3766092,39
3766724,33
3767356,17
3767976,32
3768608,22
3769232,15
3769860,15
3770492,12
3771112,13
3771744,17
3772368,26
3772992,19
3773624,22
3774240,40
3774868,39
3775500,18
3776120,15
3776752,33
3777376,31
3778004,18
3778636,17
3779256,26
3779884,18
3780508,12
3781132,13
3781764,18
3782384,35
3783016,40
3783640,37
3784264,15
3784892,31
3785512,90
3786144,73
3786776,41
3787392,24
3788024,12
3788648,20
3789280,23
3789908,22
3790528,20
3791156,12
3791784,33
3792408,44
3793036,31
3793656,15
3794284,51
3794912,17
3795536,36
3796164,26
3796784,13
3797416,21
3798048,26
3798664,21
3799296,19
3799920,25
3800552,43
3801180,40
3801800,36
3802428,19
3803052,22
3803680,48
3804308,45
3804928,23
3805556,21
3806184,21
3806808,13
3807436,19
3808056,54
3808684,65
3809316,37
3809936,15
3810564,12
3811188,16
3811820,15
3812452,20
3813072,30
3813704,28
3814328,27
3814952,12
3815584,12
3816204,33
3816832,17
3817456,27
3818084,16
3818712,47
3819340,69
3819972,46
3820600,17
3821224,16
3821856,22
3822480,17
3823108,16
3823740,12
3824360,16
3824992,23
3825616,16
3826240,17
3826872,33
3827492,40
3828120,22
3828752,18
3829372,20
3830004,13
3830628,12
3831260,14
3831892,20
3832512,22
3833144,25
3833768,14
3834396,21
3835024,14
3835648,16
3836280,31
3836904,25
3837528,13
3838160,22
3838780,21
3839412,12
3840044,14
3840660,33
3841292,35
3841912,21
3842544,13
3843172,10
3843792,11
3844420,11
3845044,11
3845668,14
3846300,14
3846920,26
3847548,25
3848172,22
3848796,26
3849428,12
3850052,16
3850684,13
3851312,41
3851928,63
3852560,43
3853184,17
3853812,15
3854444,29
3855064,27
3855692,23
3856316,21
3856940,14
3857572,12
3858192,28
3858820,37
3859444,15
3860068,13
3860700,16
3861324,18
3861952,11
3862584,19
3863204,22
3863832,14
3864456,17
3865084,25
3865716,26
3866336,29
3866964,33
3867588,19
3868212,17
3868844,40
3869464,69
3870092,51
3870720,20
3871344,12
3871976,17
3872600,16
3873228,13
3873860,20
3874480,11
3875108,12
3875736,16
3876360,15
3876988,13
3877608,24
3878236,34
3878864,16
3879488,19
3880120,12
3880736,13
3881368,12
3881996,20
3882616,21
3883248,21
3883872,25
3884500,11
3885132,14
3885752,21
3886384,21
3887008,18
3887632,22
3888264,52
3888880,16
3889512,39
3890136,33
3890760,31
3891392,42
3892008,31
3892636,19
3893268,13
3893888,24
3894516,21
3895140,33
3895772,35
3896404,10
3897024,27
3897652,25
3898276,14
3898900,15
3899532,40
3900152,36
3900784,21
3901408,13
3902032,15
3902664,11
3903280,29
3903912,13
3904544,17
3905160,15
3905788,13
3906412,12
3907044,12
3907676,14
3908296,12
3908928,19
3909552,48
3910176,40
3910808,14
3911424,43
3912056,59
3912680,33
3913304,25
3913932,14
3914552,23
3915184,19
3915816,20
3916432,11
3917064,21
3917688,41
3918316,53
3918948,20
3919568,13
3920200,22
3920824,38
3921448,29
3922076,20
3922696,29
3923324,13
3923948,39
3924576,35
3925204,15
3925828,11
3926460,21
3927092,36
3927712,23
3928344,13
3928968,27
3929596,27
3930228,30
3930848,38
3931480,27
3932104,12
3932728,14
3933360,16
3933976,12
3934604,21
3935232,12
3935856,31
3936488,37
3937108,23
3937740,11
3938368,12
3938992,17
3939620,15
3940248,25
3940872,39
3941500,34
3942120,32
3942752,22
3943372,13
3943996,11
3944628,10
3945248,12
3945876,26
3946508,34
3947128,36
3947760,29
3948380,12
3949012,41
3949644,40
3950264,11
3950892,28
3951520,31
3952144,21
3952772,12
3953392,23
3954020,24
3954644,16
3955268,20
3955900,12
3956520,19
3957148,15
3957780,12
3958400,11
3959028,24
3959652,16
3960284,16
3960916,12
3961536,13
3962168,13
3962792,17
3963416,14
3964044,14
3964664,26
3965296,47
3965920,41
3966544,21
3967176,10
3967796,14
3968428,14
3969056,19
3969672,12
3970304,16
3970928,19
3971556,37
3972188,36
3972808,20
3973436,13
3974064,14
3974688,11
3975316,34
3975936,50
3976568,52
3977188,49
3977816,13
3978444,16
3979064,26
3979696,19
3980324,11
3980944,16
3981572,23
3982200,31
3982828,16
3983460,33
3984080,25
3984708,28
3985332,23
3985956,12
3986588,10
3987208,30
3987836,55
3988464,33
3989088,16
3989716,22
3990344,24
3990976,14
3991608,13
3992224,56
3992856,69
3993484,25
3994112,10
3994744,11
3995364,48
3995992,66
3996616,45
3997240,13
3997872,12
3998488,12
3999120,17
3999748,31
4000368,18
4000996,10
4001620,10
4002248,22
4002876,18
4003496,13
4004124,18
4004748,29
4005380,11
4006008,12
4006624,11
4007256,12
4007880,12
4008504,13
4009132,16
4009752,17
4010380,16
4011004,20
4011632,30
4012260,12
4012884,16
4013516,14
4014148,11
4014768,21
4015396,17
4016020,11
4016644,39
4017276,48
4017896,62
4018524,63
4019148,22
4019776,79
4020404,66
4021024,41
4021652,13
4022284,18
4022904,23
4023532,16
4024156,13
4024788,17
4025420,38
4026040,41
4026668,35
4027292,44
4027916,71
4028548,14
4029168,50
4029796,47
4030420,23
4031048,15
4031676,14
4032296,12
4032928,17
4033556,24
4034176,15
4034804,11
4035428,19
4036060,16
4036688,15
4037308,27
4037936,14
4038560,13
4039184,24
4039812,17
4040432,15
4041060,20
4041684,15
4042308,14
4042940,10
4043560,11
4044188,13
4044820,18
4045440,12
4046068,13
4046692,19
4047324,14
4047952,12
4048572,15
4049200,22
4049824,15
4050448,12
4051080,29
4051700,36
4052328,27
4052952,10
4053576,15
4054208,13
4054824,33
4055456,25
4056084,13
4056704,16
4057332,15
4057960,11
4058588,14
4059220,31
4059840,53
4060468,51
4061092,47
4061720,31
4062348,18
4062968,14
4063596,64
4064224,85
4064848,67
4065476,31
4066096,24
4066724,53
4067356,62
4067976,13
4068608,52
4069232,83
4069860,62
4070492,32
4071112,29
4071744,13
4072368,21
4072992,16
4073620,25
4074240,56
4074868,48
4075496,19
4076120,24
4076752,27
4077368,23
4078000,14
4078632,65
4079248,117
4079932,89
4080552,19
4081180,13
4081808,18
4082432,22
4083064,23
4083688,43
4084312,55
4084944,46
4085560,27
4086192,37
4086824,39
4087440,14
4088072,31
4088696,33
4089328,33
4089956,40
4090576,42
4091208,42
4091832,41
4092456,33
4093088,24
4093708,25
4094336,88
4094964,101
4095640,69
4096272,23
4096892,55
4097520,145
4098200,104
4098864,24
4099492,43
4100120,20
4100736,12
4101364,31
4101988,16
4102616,11
4103244,14
4103860,23
4104492,11
4105112,15
4105736,16
4106364,20
4106980,46
4107612,37
4108232,20
4108856,11
4109484,10
4110100,19
4110732,34
4111352,30
4111980,35
4112608,38
4113232,15
4113860,66
4114488,76
4115112,67
4115740,40
4116364,12
4116996,44
4117624,101
4118292,100
4118968,85
4119596,28
4120216,77
4120844,147
4121520,90
4122136,13
4122764,29
4123384,21
4124012,36
4124636,78
4125260,60
4125888,48
4126504,18
4127132,44
4127764,16
4128384,14
4129012,11
4129636,15
4130264,31
4130892,18
4131512,13
4132140,17
4132764,12
4133388,47
4134016,54
4134640,20
4135268,15
4135892,13
4136516,21
4137144,39
4137768,23
4138396,31
4139024,19
4139648,34
4140276,35
4140900,21
4141528,10
4142160,20
4142776,51
4143404,20
4144028,15
4144652,13
4145280,16
4145896,31
4146528,19
4147152,33
4147776,39
4148404,32
4149024,15
4149652,30
4150280,50
4150904,87
4151532,65
4152156,13
4152788,20
4153416,17
4154036,19
4154664,11
4155288,12
4155912,35
4156540,21
4157160,13
4157788,25
4158412,24
4159036,11
4159668,34
4160288,96
4160916,21
4161544,29
4162160,37
4162792,14
4163412,23
4164044,54
4164672,41
4165288,23
4165916,75
4166540,112
4167220,14
4167844,50
4168464,11
4169092,39
4169716,56
4170340,60
4170968,33
4171592,22
4172220,23
4172852,12
4173472,45
4174100,62
4174724,31
4175352,16
4175980,25
4176600,17
4177228,13
4177852,21
4178476,13
4179104,34
4179728,48
4180356,12
4180980,19
4181604,20
4182232,33
4182856,36
4183484,12
4184116,14
4184736,17
4185364,17
4185988,16
4186616,11
4187248,25
4187864,32
4188492,18
4189116,19
4189740,14
4190372,14
4190992,12
4191620,37
4192248,31
4192868,11
4193496,18
4194120,24
4194752,27
4195380,24
4196000,17
4196628,13
4197252,18
4197884,22
4198512,30
4199136,28
4199764,19
4200388,10
4201008,13
4201636,28
4202256,13
4202884,15
4203504,17
4204132,31
4204760,41
4205384,25
4206012,18
4206644,12
4207264,15
4207892,38
4208516,34
4209148,15
4209776,15
4210392,19
4211024,59
4211648,65
4212272,56
4212900,35
4213520,25
4214148,13
4214772,25
4215396,26
4216028,11
4216652,23
4217280,23
4217908,17
4218528,28
4219156,22
4219780,37
4220412,26
4221040,16
4221664,17
4222292,12
4222916,15
4223540,23
4224172,15
4224788,30
4225420,15
4226044,22
4226664,15
4227296,16
4227916,17
4228548,17
4229176,13
4229800,26
4230428,12
4231052,26
4231680,44
4232308,43
4232928,21
4233556,12
4234184,35
4234808,39
4235436,28
4236056,15
4236684,11
4237308,16
4237936,22
4238564,13
4239188,24
4239820,30
4240452,12
4241072,29
4241700,31
4242324,33
4242948,15
4243580,32
4244200,24
4244828,12
4245452,20
4246076,49
4246708,83
4247328,35
4247956,16
4248588,11
4249208,13
4249836,27
4250460,19
4251092,11
4251720,18
4252340,16
4252968,13
4253592,28
4254216,46
4254844,16
4255464,32
4256096,17
4256716,56
4257340,16
4257972,32
4258592,20
4259220,12
4259852,10
4260472,16
4261100,40
4261724,53
4262352,48
4262984,26
4263600,12
4264232,29
4264856,65
4265476,88
4266108,16
4266728,11
4267356,11
4267980,11
4268604,23
4269236,10
4269856,13
4270484,15
4271116,16
4271736,42
4272364,57
4272988,27
4273620,11
4274248,11
4274868,19
4275496,26
4276120,24
4276744,35
4277372,58
4277992,46
4278620,14
4279244,72
4279868,97
4280500,58
4281120,47
4281748,65
4282376,34
4283000,11
4283628,16
4284252,20
4284884,11
4285512,20
4286128,10
4286760,11
4287384,21
4288008,35
4288636,32
4289256,23
4289884,13
4290508,16
4291132,32
4291764,22
4292384,22
4293012,18
4293644,15
4294264,25
4294892,21
4295516,51
4296148,46
4296780,23
4297400,22
4298032,12
4298656,13
4299280,27
4299908,30
4300528,22
4301160,13
4301780,13
4302404,15
4303036,38
4303656,14
4304284,43
4304916,53
4305536,55
4306164,101
4306840,63
4307460,13
4308092,33
4308712,93
4309340,162
4310024,72
4310640,13
4311268,12
4311892,12
4312524,15
4313156,13
4313776,19
4314404,28
4315028,22
4315656,16
4316284,42
4316904,65
4317532,70
4318156,47
4318784,15
4319412,62
4320032,24
4320660,51
4321292,82
4321912,15
4322540,26
4323164,19
4323796,14
4324424,10
4325048,26
4325676,38
4326300,37
4326928,25
4327556,30
4328176,68
4328804,73
4329428,51
4330052,31
4330684,12
4331304,20
4331932,29
4332564,34
4333184,29
4333812,17
4334436,13
4335068,16
4335700,14
4336320,31
4336948,35
4337572,25
4338200,37
4338828,22
4339448,13
4340076,22
4340700,25
4341328,21
4341956,28
4342576,13
4343204,15
4343836,10
4344456,18
4345084,23
4345708,12
4346340,17
4346968,14
4347592,39
4348224,68
4348848,40
4349468,12
4350100,50
4350720,74
4351352,79
4351976,83
4352600,48
4353232,22
4353848,17
4354476,15
4355108,14
4355728,12
4356356,23
4356980,20
4357612,17
4358240,18
4358860,21
4359488,37
4360112,38
4360736,28
4361364,12
4361984,26
4362612,32
4363236,39
4363860,32
4364492,16
4365112,16
4365740,15
4366372,22
4366992,47
4367620,43
4368244,17
4368876,17
4369504,41
4370124,61
4370752,17
4371376,35
4372000,17
4372632,14
4373248,13
4373880,15
4374504,25
4375128,27
4375756,16
4376376,11
4377004,11
4377636,12
4378256,14
4378884,16
4379508,40
4380140,51
4380772,63
4381392,61
4382024,37
4382648,17
4383272,76
4383904,94
4384520,78
4385152,61
4385776,29
4386400,13
4387028,15
4387652,11
4388284,21
4388912,47
4389536,71
4390168,30
4390792,13
4391424,25
4392052,28
4392672,31
4393304,35
4393928,43
4394552,30
4395184,15
4395800,25
4396432,15
4397064,28
4397680,36
4398312,39
4398936,34
4399568,18
4400196,54
4400816,57
4401444,21
4402068,31
4402696,49
4403324,27
4403944,34
4404572,50
4405196,92
4405820,113
4406500,81
4407120,31
4407748,146
4408432,128
4409100,29
4409728,11
4410348,13
4410972,16
4411604,19
4412228,12
4412860,19
4413488,12
4414112,42
4414744,57
4415368,50
4415996,15
4416628,73
4417248,127
4417928,63
4418552,15
4419176,14
4419808,24
4420432,22
4421060,11
4421692,10
4422312,18
4422944,17
4423568,12
4424200,29
4424828,50
4425448,46
4426076,26
4426700,12
4427324,32
4427956,22
4428576,12
4429204,13
4429836,18
4430456,30
4431084,13
4431708,23
4432340,24
4432972,22
4433592,14
4434224,15
4434848,17
4435472,15
4436100,11
4436720,21
4437348,26
4437976,27
4438600,35
4439228,24
4439848,14
4440476,26
4441108,61
4441728,70
4442356,47
4442980,13
4443612,31
4444244,64
4444864,91
4445492,91
4446116,80
4446744,17
4447372,80
4447992,93
4448624,49
4449248,52
4449872,68
4450504,51
4451120,15
4451752,12
4452380,25
4453000,45
4453632,53
4454256,38
4454888,14
4455516,16
4456136,20
4456764,20
4457388,35
4458016,57
4458644,20
4459264,26
4459896,16
4460520,23
4461144,17
4461772,17
4462392,44
4463024,55
4463656,19
4464272,11
4464904,12
4465528,12
4466160,14
4466788,11
4467408,11
4468040,11
4468664,18
4469288,48
4469916,39
4470536,24
4471168,19
4471792,43
4472416,12
4473044,37
4473672,65
4474300,14
4474932,18
4475552,12
4476184,14
4476808,17
4477436,25
4478068,41
4478688,54
4479320,64
4479948,40
4480572,20
4481204,24
4481824,17
4482452,15
4483084,58
4483704,86
4484332,76
4484956,40
4485588,22
4486216,12
4486840,11
4487468,16
4488092,11
4488716,12
4489348,11
4489968,13
4490596,16
4491220,11
4491844,16
4492476,36
4493096,54
4493724,15
4494356,68
4494976,53
4495608,29
4496232,15
4496860,28
4497492,54
4498112,49
4498740,28
4499368,14
4499992,11
4500620,15
4501240,15
4501868,11
4502496,11
4503120,25
4503752,25
4504368,11
4505000,16
4505632,12
4506248,13
4506876,11
4507500,11
4508128,11
4508756,13
4509376,19
4510004,13
4510628,19
4511252,17
4511884,11
4512504,15
4513132,18
4513756,17
4514380,18
4515012,45
4515632,90
4516264,116
4516944,113
4517612,36
4518236,43
4518864,101
4519540,170
4520216,137
4520892,50
4521512,19
4522144,16
4522760,19
4523388,16
4524016,16
4524640,11
4525268,11
4525892,17
4526524,10
4527152,12
4527776,13
4528404,11
4529028,16
4529660,12
4530288,24
4530912,15
4531544,44
4532168,14
4532788,40
4533420,42
4534040,34
4534672,25
4535296,17
4535920,17
4536552,21
4537176,15
4537804,31
4538436,46
4539056,39
4539688,13
4540312,30
4540936,26
4541568,13
4542184,11
4542816,17
4543440,56
4544064,53
4544692,30
4545312,21
4545940,15
4546572,24
4547192,44
4547824,37
4548448,46
4549076,29
4549708,24
4550328,16
4550960,14
4551584,24
4552208,54
4552836,52
4553456,39
4554088,25
4554712,19
4555336,13
4555968,21
4556588,17
4557216,17
4557848,20
4558464,12
4559096,11
4559720,13
4560352,11
4560980,11
4561600,19
4562228,19
4562852,21
4563480,15
4564108,14
4564728,14
4565356,13
4565984,23
4566608,38
4567240,12
4567856,12
4568488,12
4569116,24
4569736,18
4570364,12
4570988,11
4571620,23
4572252,16
4572872,13
4573500,12
4574128,13
4574752,21
4575384,17
4576000,16
4576632,11
4577256,15
4577880,19
4578512,30
4579128,21
4579760,13
4580392,24
4581008,30
4581640,19
4582268,16
4582896,16
4583528,18
4584148,27
4584776,42
4585404,44
4586028,30
4586660,16
4587280,11
4587912,11
4588536,12
4589160,17
4589788,19
4590412,17
4591044,23
4591672,30
4592296,29
4592924,29
4593548,21
4594180,12
4594812,32
4595432,14
4596060,52
4596684,58
4597312,49
4597940,30
4598560,41
4599188,93
4599820,78
4600440,58
4601068,60
4601696,42
4602324,12
4602956,19
4603576,15
4604208,11
4604832,12
4605456,13
4606084,12
4606704,13
4607336,11
4607960,10
4608588,14
4609216,18
4609832,13
4610460,13
4611088,16
4611712,14
4612340,17
4612964,19
4613596,14
4614224,16
4614844,12
4615472,24
4616096,12
4616720,24
4617348,20
4617968,36
4618596,31
4619220,15
4619844,15
4620476,10
4621096,13
4621724,15
4622356,20
4622976,18
4623604,12
4624228,17
4624860,31
4625488,29
4626112,13
4626740,44
4627364,43
4627988,17
4628620,10
4629240,12
4629868,16
4630492,17
4631116,17
4631748,16
4632368,15
4632996,14
4633628,10
4634248,11
4634876,10
4635500,11
4636132,12
4636764,12
4637384,14
4638016,16
4638640,16
4639264,18
4639892,12
4640512,12
4641140,17
4641764,28
4642388,14
4643020,13
4643640,25
4644268,32
4644900,30
4645520,49
4646148,47
4646772,28
4647404,22
4648032,43
4648656,67
4649284,65
4649908,25
4650532,16
4651164,38
4651784,50
4652416,36
4653040,17
4653664,27
4654292,58
4654916,51
4655548,33
4656180,26
4656800,21
4657428,21
4658052,15
4658684,21
4659316,20
4659936,11
4660564,11
4661188,21
4661812,31
4662444,22
4663064,21
4663692,13
4664320,36
4664944,54
4665576,33
4666200,11
4666828,33
4667460,58
4668080,34
4668712,11
4669336,13
4669960,56
4670588,75
4671208,35
4671840,16
4672464,12
4673088,12
4673716,12
4674336,21
4674964,20
4675596,10
4676216,23
4676844,20
4677468,11
4678100,14
4678732,17
4679352,21
4679984,17
4680608,15
4681232,14
4681860,25
4682480,25
4683108,13
4683736,11
4684360,19
4684988,18
4685608,17
4686236,17
4686868,12
4687488,12
4688116,13
4688740,13
4689372,13
4690000,12
4690624,13
4691252,33
4691876,41
4692500,35
4693132,32
4693752,16
4694384,29
4695008,74
4695632,72
4696264,49
4696880,33
4697512,20
4698144,11
4698760,11
4699392,25
4700016,28
4700648,27
4701276,16
4701896,15
4702528,22
4703152,17
4703776,37
4704408,43
4705032,42
4705664,39
4706288,44
4706912,33
4707544,15
4708168,35
4708800,28
4709428,10
4710048,24
4710680,20
4711304,15
4711936,12
4712568,18
4713184,15
4713812,14
4714440,17
4715064,13
4715692,12
4716312,19
4716944,43
4717572,38
4718192,36
4718824,57
4719448,43
4720080,26
4720708,12
4721328,30
4721956,38
4722584,44
4723208,59
4723836,70
4724456,38
4725088,13
4725712,12
4726336,13
4726968,12
4727584,10
4728216,12
4728848,11
4729464,14
4730096,15
4730720,15
4731352,13
4731980,35
4732600,48
4733232,32
4733856,11
4734480,34
4735112,45
4735732,33
4736364,18
4736988,11
4737612,17
4738240,26
4738860,39
4739488,34
4740120,30
4740740,12
4741368,33
4741992,26
4742624,25
4743252,32
4743872,23
4744504,22
4745128,20
4745752,16
4746384,25
4747000,27
4747632,25
4748256,27
4748880,14
4749508,34
4750128,55
4750760,38
4751392,11
4752008,19
4752636,23
4753260,28
4753892,12
4754524,30
4755144,49
4755776,39
4756400,27
4757024,19
4757656,10
4758272,11
4758904,11
4759528,12
4760152,13
4760784,13
4761400,13
4762032,12
4762664,13
4763280,12
4763912,20
4764536,21
4765164,17
4765796,11
4766416,19
4767044,29
4767672,18
4768296,11
4768924,11
4769544,15
4770176,20
4770800,21
4771424,23
4772056,17
4772680,12
4773308,16
4773940,14
4774560,15
4775188,19
4775816,33
4776444,29
4777076,27
4777696,13
4778324,22
4778952,34
4779576,25
4780208,15
4780824,12
4781452,20
4782084,27
4782704,12
4783336,28
4783960,42
4784592,61
4785224,68
4785844,39
4786472,13
4787100,43
4787724,78
4788356,106
4789028,83
4789656,43
4790288,17
4790908,12
4791536,16
4792164,13
4792796,14
4793428,10
4794048,24
4794680,24
4795304,12
4795928,17
4796560,12
4797180,13
4797812,14
4798436,12
4799060,11
4799692,30
4800312,33
4800944,12
4801572,14
4802192,35
4802820,29
4803444,12
4804076,36
4804704,30
4805324,29
4805952,17
4806576,21
4807200,15
4807832,15
4808448,20
4809080,13
4809704,15
4810328,11
4810956,16
4811576,20
4812208,14
4812836,37
4813456,20
4814084,12
4814708,17
4815336,28
4815968,32
4816588,25
4817216,12
4817840,21
4818464,13
4819092,22
4819712,49
4820340,37
4820968,11
4821588,17
4822220,24
4822840,12
4823468,16
4824100,24
4824720,15
4825348,14
4825976,10
4826604,12
4827236,15
4827856,38
4828488,15
4829112,12
4829736,29
4830364,26
4830984,32
4831616,24
4832240,16
4832864,12
4833496,37
4834120,40
4834748,60
4835380,74
4836000,60
4836628,31
4837252,61
4837884,102
4838568,28
4839184,13
4839812,13
4840436,20
4841060,12
4841692,30
4842316,49
4842944,39
4843576,12
4844196,16
4844824,17
4845448,12
4846076,51
4846708,36
4847328,16
4847960,27
4848584,20
4849208,24
4849836,11
4850456,11
4851088,41
4851716,52
4852336,61
4852968,35
4853592,13
4854224,18
4854852,14
4855472,32
4856104,25
4856728,12
4857352,22
4857984,21
4858600,27
4859232,11
4859856,32
4860480,57
4861112,41
4861732,37
4862360,15
4862992,14
4863616,14
4864248,12
4864872,21
4865500,12
4866132,26
4866752,48
4867380,49
4868004,33
4868628,26
4869260,12
4869880,11
4870508,11
4871136,22
4871760,14
4872388,16
4873008,25
4873640,30
4874268,12
4874888,47
4875516,92
4876144,97
4876772,31
4877404,14
4878024,13
4878656,17
4879280,24
4879904,32
4880536,48
4881152,33
4881784,30
4882408,23
4883032,30
4883660,23
4884280,17
4884908,53
4885540,79
4886160,83
4886792,62
4887416,27
4888044,21
4888676,20
4889296,16
4889928,15
4890548,36
4891176,67
4891808,57
4892424,64
4893056,62
4893680,52
4894304,54
4894936,27
4895560,21
4896192,21
4896820,14
4897440,18
4898068,23
4898696,30
4899324,14
4899956,10
4900576,31
4901208,37
4901832,12
4902456,40
4903084,73
4903704,38
4904336,12
4904968,14
4905584,12
4906216,18
4906840,29
4907472,39
4908104,30
4908724,16
4909356,13
4909980,21
4910608,12
4911240,16
4911860,21
4912492,13
4913116,37
4913744,61
4914376,78
4914996,63
4915628,34
4916256,11
4916872,36
4917504,25
4918128,23
4918756,12
4919384,34
4920008,61
4920636,38
4921260,12
4921884,12
4922512,18
4923136,33
4923764,29
4924388,14
4925012,14
4925644,10
4926264,23
4926892,25
4927524,14
4928144,25
4928772,44
4929396,43
4930024,27
4930652,18
4931272,67
4931900,71
4932524,55
4933148,58
4933776,27
4934400,63
4935028,14
4935652,74
4936280,85
4936908,80
4937528,40
4938156,13
4938788,14
4939408,13
4940036,21
4940664,27
4941292,34
4941924,24
4942544,23
4943172,43
4943800,76
4944424,27
4945052,61
4945672,57
4946300,25
4946924,13
4947552,12
4948180,14
4948804,11
4949432,12
4950064,21
4950684,18
4951316,22
4951940,18
4952572,45
4953200,36
4953820,15
4954448,11
4955076,11
4955700,14
4956332,14
4956952,18
4957580,28
4958212,24
4958832,34
4959464,41
4960088,13
4960716,21
4961344,11
4961968,21
4962596,34
4963220,41
4963844,29
4964476,88
4965096,76
4965728,49
4966352,17
4966976,57
4967604,65
4968224,35
4968852,12
4969484,16
4970104,21
4970732,13
4971356,64
4971988,23
4972620,12
4973240,33
4973868,53
4974496,46
4975116,12
4975748,18
4976368,27
4976996,28
4977620,28
4978244,13
4978876,26
4979496,32
4980124,60
4980756,30
4981376,26
4982008,13
4982632,32
4983260,40
4983892,50
4984512,27
4985144,18
4985768,28
4986392,82
4987024,125
4987692,96
4988320,16
4988948,16
4989568,12
4990200,14
4990824,13
4991456,13
4992088,23
4992704,29
4993332,14
4993956,21
4994580,12
4995212,18
4995832,24
4996464,29
4997088,23
4997712,33
4998344,25
4998960,36
4999588,57
5000220,31
5000840,12
5001468,21
5002092,23
5002724,27
5003356,26
5003976,15
5004608,12
5005232,15
5005856,12
5006488,16
5007104,13
5007736,11
5008360,13
5008984,22
5009612,12
5010232,25
5010864,33
5011492,18
5012112,15
5012744,44
5013368,35
5014000,16
5014628,11
5015248,12
5015880,21
5016504,36
5017128,25
5017760,22
5018376,12
5019004,24
5019632,25
5020256,19
5020884,32
5021508,33
5022140,12
5022772,12
5023392,13
5024024,27
5024644,29
5025276,19
5025908,32
5026528,44
5027160,23
5027784,14
5028408,11
5029036,36
5029656,44
5030288,13
5030920,12
5031536,23
5032168,22
5032792,17
5033424,11
5034056,20
5034672,35
5035304,31
5035932,23
5036556,29
5037188,24
5037808,37
5038440,31
5039064,13
5039692,26
5040320,32
5040944,23
5041572,53
5042204,22
5042824,18
5043456,20
5044080,23
5044708,11
5045340,47
5045960,59
5046592,39
5047216,15
5047840,17
5048472,20
5049088,16
5049720,15
5050344,12
5050968,11
5051600,10
5052216,31
5052848,45
5053480,27
5054096,16
5054728,19
5055352,13
5055984,12
5056616,18
5057236,12
5057868,22
5058492,11
5059116,23
5059748,43
5060368,39
5061000,16
5061624,49
5062248,55
5062880,17
5063504,33
5064136,47
5064768,102
5065436,111
5066116,60
5066736,25
5067364,67
5067996,136
5068672,149
5069356,80
5069984,54
5070604,49
5071232,16
5071860,60
5072484,23
5073116,13
5073740,17
5074372,38
5075004,13
5075624,13
5076256,12
5076880,14
5077512,19
5078144,31
5078764,17
5079396,18
5080020,12
5080644,25
5081276,16
5081896,13
5082528,24
5083160,25
5083776,32
5084408,30
5085032,17
5085664,21
5086296,32
5086916,54
5087544,46
5088172,23
5088796,25
5089428,50
5090048,106
5090732,84
5091360,12
5091976,11
5092608,25
5093236,50
5093868,91
5094500,90
5095120,50
5095752,13
5096376,38
5097000,72
5097632,23
5098248,25
5098880,13
5099504,49
5100128,57
5100760,73
5101388,106
5102072,60
5102696,37
5103316,52
5103948,24
5104576,14
5105200,16
5105832,30
5106452,34
5107084,32
5107716,25
5108336,11
5108968,17
5109596,11
5110228,20
5110860,48
5111480,51
5112116,19
5112740,30
5113368,13
5114000,28
5114620,46
5115252,40
5115876,15
5116504,41
5117136,47
5117756,22
5118388,11
5119024,34
5119644,71
5120276,61
5120900,23
5121528,53
5122156,36
5122776,46
5123404,19
5124024,13
5124648,15
5125276,12
5125896,20
5126524,37
5127148,18
5127768,45
5128400,15
5129016,49
5129644,13
5130272,42
5130896,61
5131524,39
5132148,16
5132776,59
5133408,165
5134076,128
5134752,25
5135380,57
5136000,37
5136628,19
5137252,13
5137880,16
5138508,19
5139128,15
5139760,15
5140380,40
5141008,66
5141636,54
5142256,22
5142884,17
5143508,35
5144132,63
5144764,58
5145384,34
5146016,19
5146644,22
5147264,39
5147892,14
5148516,42
5149148,33
5149776,21
5150396,17
5151024,36
5151652,18
5152276,17
5152904,18
5153524,12
5154152,24
5154776,25
5155400,24
5156028,12
5156648,30
5157276,51
5157908,70
5158528,62
5159156,24
5159784,44
5160412,15
5161044,31
5161664,11
5162292,60
5162916,51
5163540,15
5164168,27
5164788,38
5165416,77
5166040,24
5166664,22
5167292,21
5167912,90
5168544,149
5169224,47
5169848,30
5170476,27
5171104,14
5171728,19
5172356,26
5172976,20
5173604,35
5174228,47
5174852,39
5175484,14
5176104,11
5176732,22
5177364,18
5177984,12
5178612,12
5179236,13
5179868,17
5180500,11
5181120,13
5181752,14
5182376,17
5183000,23
5183632,19
5184248,16
5184880,11
5185500,20
5186124,57
5186756,70
5187376,62
5188004,28
5188636,20
5189256,32
5189884,27
5190508,18
5191140,11
5191772,11
5192392,13
5193020,11
5193644,11
5194268,15
5194900,22
5195520,13
5196152,19
5196776,21
5197400,34
5198032,28
5198652,31
5199280,28
5199912,43
5200532,38
5201164,36
5201788,62
5202416,16
5203048,34
5203664,41
5204292,72
5204916,84
5205540,34
5206172,18
5206792,64
5207424,84
5208048,55
5208672,16
5209300,86
5209924,105
5210604,54
5211232,98
5211848,16
5212476,57
5213104,27
5213728,15
5214356,12
5214976,13
5215608,22
5216232,14
5216856,28
5217484,34
5218104,16
5218732,12
5219364,11
5219984,15
5220616,11
5221240,13
5221872,15
5222500,19
5223120,32
5223748,12
5224372,11
5224996,21
5225624,17
5226248,13
5226876,17
5227500,34
5228128,55
5228756,46
5229380,47
5230012,13
5230644,65
5231264,95
5231896,31
5232520,11
5233152,13
5233780,13
5234400,14
5235028,10
5235656,32
5236280,70
5236912,87
5237528,71
5238160,29
5238788,27
5239408,97
5240040,73
5240664,19
5241292,17
5241924,26
5242544,62
5243176,48
5243800,33
5244424,21
5245052,11
5245672,15
5246300,19
5246924,28
5247548,29
5248180,24
5248796,19
5249428,35
5250056,20
5250672,34
5251300,26
5251924,28
5252552,15
5253180,37
5253800,29
5254428,24
5255048,36
5255680,56
5256308,37
5256928,30
5257556,24
5258180,15
5258804,14
5259432,19
5260056,19
5260684,48
5261308,68
5261936,40
5262564,36
5263188,61
5263820,52
5264448,25
5265064,20
5265696,12
5266320,14
5266948,19
5267576,33
5268200,27
5268828,27
5269452,87
5270076,57
5270704,12
5271328,11
5271956,22
5272588,31
5273208,19
5273836,34
5274460,65
5275092,109
5275772,98
5276392,25
5277020,69
5277644,62
5278268,81
5278900,112
5279572,89
5280200,21
5280828,14
5281448,24
5282076,12
5282700,12
5283328,11
5283956,10
5284576,23
5285204,25
5285828,10
5286448,15
5287076,21
5287696,15
5288324,27
5288944,19
5289568,24
5290200,18
5290824,11
5291452,10
5292084,10
5292704,17
5293332,19
5293956,26
5294588,29
5295216,20
5295840,15
5296468,17
5297092,14
5297716,73
5298348,90
5298968,85
5299596,21
5300220,54
5300848,113
5301528,98
5302148,23
5302776,26
5303404,43
5304024,50
5304652,21
5305276,12
5305900,14
5306532,12
5307152,12
5307780,13
5308408,11
5309032,19
5309660,23
5310284,25
5310916,27
5311544,16
5312168,11
5312796,14
5313420,26
5314052,17
5314680,22
5315300,39
5315928,41
5316552,16
5317176,13
5317804,18
5318424,12
5319052,26
5319676,29
5320304,18
5320932,12
5321560,19
5322188,25
5322820,20
5323440,17
5324072,45
5324696,23
5325320,36
5325948,54
5326568,25
5327196,61
5327820,100
5328496,18
5329116,29
5329740,35
5330372,38
5331000,22
5331620,59
5332248,33
5332872,21
5333500,21
5334132,38
5334752,80
5335380,37
5336004,21
5336628,13
5337256,14
5337880,15
5338508,22
5339132,16
5339760,15
5340388,11
5341012,27
5341644,39
5342272,33
5342892,21
5343520,12
5344144,23
5344772,30
5345404,14
5346024,16
5346652,13
5347276,12
5347900,12
5348528,17
5349148,12
5349776,11
5350404,11
5351024,14
5351652,23
5352276,31
5352908,18
5353536,25
5354160,38
5354788,25
5355416,26
5356040,19
5356668,12
5357288,20
5357916,20
5358544,13
5359168,33
5359796,11
5360416,29
5361044,45
5361676,54
5362296,37
5362924,18
5363548,13
5364180,37
5364808,73
5365432,47
5366064,27
5366688,32
5367308,25
5367940,20
5368560,67
5369188,63
5369812,51
5370436,13
5371068,56
5371688,119
5372368,55
5373000,25
5373616,45
5374244,67
5374872,56
5375496,16
5376128,47
5376744,126
5377424,83
5378040,13
5378664,15
5379292,14
5379916,18
5380544,26
5381172,22
5381792,17
5382420,34
5383044,27
5383672,17
5384304,25
5384920,27
5385548,11
5386176,31
5386800,59
5387428,28
5388048,13
5388676,12
5389300,17
5389924,15
5390556,12
5391180,21
5391812,19
5392440,29
5393060,35
5393688,27
5394312,13
5394940,29
5395572,32
5396192,15
5396820,39
5397444,21
5398068,22
5398700,10
5399320,12
5399952,11
5400580,10
5401200,14
5401828,17
5402452,11
5403084,14
5403716,11
5404336,16
5404964,24
5405588,39
5406216,49
5406844,44
5407464,27
5408092,11
5408716,29
5409340,12
5409968,11
5410584,14
5411216,78
5411840,114
5412516,78
5413140,35
5413764,48
5414396,145
5415080,128
5415748,62
5416376,43
5417004,16
5417624,36
5418252,14
5418876,11
5419508,11
5420140,12
5420760,13
5421392,35
5422016,33
5422640,18
5423268,11
5423888,15
5424520,11
5425144,13
5425768,14
5426396,13
5427024,21
5427656,20
5428284,16
5428904,11
5429532,17
5430156,15
5430788,25
5431416,16
5432040,15
5432668,24
5433292,21
5433916,12
5434548,29
5435168,26
5435800,12
5436428,19
5437048,10
5437680,25
5438304,21
5438932,16
5439564,13
5440184,11
5440812,15
5441436,11
5442060,13
5442688,10
5443304,12
5443932,21
5444556,47
5445180,62
5445808,46
5446432,17
5447060,28
5447692,39
5448312,37
5448940,38
5449564,33
5450196,29
5450824,18
5451440,10
5452072,23
5452696,36
5453320,35
5453948,27
5454568,14
5455196,53
5455820,59
5456448,13
5457076,12
5457696,11
5458324,29
5458956,40
5459576,14
5460204,14
5460828,23
5461460,11
5462088,22
5462708,30
5463336,33
5463960,86
5464584,56
5465212,46
5465832,30
5466460,13
5467084,11
5467708,11
5468340,17
5468960,11
5469588,23
5470220,20
5470840,43
5471468,21
5472096,19
5472724,43
5473356,36
5473976,38
5474604,24
5475228,20
5475852,38
5476484,46
5477104,19
5477736,11
5478360,16
5478984,45
5479612,30
5480232,13
5480860,15
5481492,28
5482112,26
5482740,17
5483368,28
5483996,27
5484628,28
5485248,29
5485876,12
5486504,27
5487128,33
5487756,21
5488376,14
5489004,16
5489628,15
5490252,17
5490884,43
5491504,56
5492132,37
5492764,36
5493384,31
5494016,17
5494640,11
5495268,18
5495900,38
5496520,28
5497148,13
5497776,13
5498400,13
5499028,11
5499648,10
5500276,11
5500904,11
5501528,11
5502156,16
5502776,23
5503408,27
5504040,34
5504656,25
5505284,21
5505908,14
5506540,25
5507168,12
5507792,19
5508424,21
5509048,29
5509672,11
5510300,30
5510920,43
5511552,29
5512176,37
5512800,55
5513428,41
5514056,17
5514684,41
5515316,86
5515936,67
5516568,51
5517192,38
5517824,15
5518452,38
5519072,74
5519704,61
5520328,22
5520952,82
5521580,74
5522200,38
5522832,23
5523460,12
5524080,11
5524708,13
5525336,17
5525964,12
5526596,13
5527216,26
5527848,29
5528472,13
5529096,23
5529728,23
5530344,30
5530972,31
5531596,15
5532220,9
5532800,18
5533424,32
5534052,28
5534680,32
5535304,29
5535932,28
5536552,12
5537180,17
5537812,28
5538432,23
5539060,14
5539688,12
5540316,41
5540948,68
5541568,48
5542200,23
5542824,14
5543448,24
5544076,18
5544696,12
5545328,16
5545952,15
5546576,12
5547204,11
5547824,13
5548456,11
5549084,10
5549704,22
5550336,26
5550960,31
5551592,14
5552220,14
5552840,21
5553468,12
5554096,16
5554720,21
5555352,42
5555968,24
5556600,13
5557224,11
5557848,11
5558480,11
5559096,17
5559728,33
5560360,36
5560976,15
5561604,59
5562228,66
5562860,37
5563492,30
5564112,53
5564744,21
5565368,46
5565992,23
5566624,16
5567244,71
5567876,100
5568560,27
5569176,12
5569808,19
5570432,29
5571064,29
5571692,32
5572312,15
5572944,18
5573568,18
5574192,22
5574820,16
5575440,15
5576072,11
5576692,13
5577320,25
5577948,39
5578572,45
5579204,55
5579832,82
5580456,65
5581088,36
5581712,22
5582340,73
5582972,108
5583644,69
5584272,22
5584896,11
5585520,12
5586152,31
5586776,13
5587404,34
5588036,14
5588656,18
5589284,19
5589912,31
5590536,37
5591168,26
5591784,18
5592416,80
5593040,71
5593664,59
5594292,30
5594912,36
5595544,24
5596172,12
5596792,12
5597424,17
5598048,33
5598680,23
5599312,15
5599928,25
5600560,38
5601184,29
5601812,17
5602440,14
5603056,24
5603688,24
5604312,19
5604936,20
5605564,18
5606184,14
5606816,16
5607444,21
5608064,35
5608692,22
5609316,23
5609948,30
5610580,18
5611200,13
5611828,13
5612456,16
5613080,26
5613708,12
5614328,56
5614960,19
5615584,16
5616208,15
5616836,24
5617456,16
5618084,17
5618716,26
5619336,26
5619964,15
5620588,11
5621220,12
5621852,18
5622472,13
5623100,38
5623728,56
5624352,57
5624980,32
5625600,11
5626228,42
5626856,83
5627480,88
5628112,63
5628728,43
5629360,22
5629992,13
5630612,26
5631240,21
5631868,18
5632500,15
5633128,15
5633744,11
5634376,12
5635000,12
5635624,14
5636252,44
5636872,41
5637500,30
5638124,25
5638748,14
5639380,13
5640004,26
5640632,36
5641260,54
5641880,41
5642508,23
5643132,22
5643764,26
5644392,12
5645016,20
5645644,13
5646268,15
5646892,24
5647524,12
5648144,17
5648772,29
5649396,59
5650020,53
5650652,15
5651276,16
5651904,39
5652536,63
5653156,63
5653784,20
5654408,25
5655036,11
5655668,14
5656288,23
5656916,24
5657544,26
5658168,78
5658796,27
5659416,15
5660044,14
5660668,14
5661296,15
5661924,12
5662548,19
5663180,26
5663812,34
5664432,53
5665060,63
5665684,36
5666308,17
5666940,42
5667560,73
5668192,63
5668812,22
5669436,15
5670068,12
5670688,12
5671316,13
5671948,14
5672568,30
5673200,32
5673824,13
5674452,20
5675084,12
5675704,27
5676332,24
5676960,19
5677584,32
5678212,55
5678832,32
5679464,28
5680088,26
5680712,12
5681340,24
5681960,40
5682588,49
5683220,20
5683840,12
5684468,27
5685092,33
5685724,30
5686352,18
5686972,16
5687604,41
5688228,37
5688852,18
5689480,22
5690100,14
5690732,11
5691356,15
5691980,22
5692612,24
5693232,19
5693864,23
5694492,34
5695112,33
5695744,20
5696368,16
5696996,14
5697628,37
5698248,49
5698876,41
5699500,38
5700128,26
5700756,14
5701376,12
5702008,13
5702632,12
5703256,20
5703888,40
5704504,44
5705132,40
5705764,13
5706384,11
5707016,28
5707640,48
5708272,53
5708900,59
5709520,23
5710148,69
5710776,128
5711452,148
5712132,73
5712752,21
5713384,25
5714012,14
5714632,33
5715264,34
5715888,11
5716512,13
5717144,15
5717760,13
5718392,25
5719016,17
5719640,19
5720272,21
5720892,15
5721524,14
5722156,12
5722776,17
5723408,17
5724032,15
5724664,13
5725296,16
5725912,23
5726544,15
5727168,11
5727796,12
5728428,14
5729048,18
5729680,14
5730308,11
5730928,14
5731560,18
5732184,19
5732816,17
5733448,12
5734068,11
5734700,34
5735324,29
5735948,16
5736576,10
5737192,12
5737824,13
5738448,12
5739072,11
5739700,13
5740320,15
5740948,13
5741580,11
5742200,13
5742828,12
5743452,15
5744084,24
5744712,16
5745336,13
5745964,12
5746588,12
5747212,19
5747844,16
5748464,22
5749096,11
5749720,16
5750344,29
5750976,66
5751592,110
5752276,121
5752956,81
5753576,23
5754208,137
5754892,210
5755564,74
5756192,22
5756816,41
5757444,93
5758076,78
5758696,44
5759328,17
5759952,10
5760580,17
5761208,26
5761824,21
5762452,17
5763084,18
5763704,25
5764332,13
5764956,20
5765588,26
5766216,35
5766836,44
5767464,54
5768088,34
5768712,17
5769340,10
5769960,30
5770588,56
5771212,69
5771836,20
5772468,66
5773088,100
5773768,91
5774396,68
5775016,17
5775648,72
5776272,59
5776900,42
5777528,34
5778148,35
5778776,36
5779400,32
5780024,33
5780652,17
5781272,13
5781900,11
5782524,10
5783152,14
5783780,11
5784408,13
5785036,10
5785668,24
5786288,45
5786916,64
5787540,48
5788168,14
5788796,25
5789416,49
5790048,57
5790672,56
5791296,21
5791924,10
5792544,12
5793172,13
5793804,10
5794424,11
5795052,20
5795680,38
5796308,38
5796940,14
5797560,16
5798188,45
5798816,68
5799440,61
5800068,18
5800688,11
5801316,11
5801940,16
5802564,19
5803196,22
5803816,18
5804448,11
5805076,12
5805696,13
5806324,13
5806952,16
5807580,15
5808212,12
5808832,19
5809460,40
5810084,39
5810712,21
5811340,19
5811960,45
5812588,46
5813216,59
5813840,24
5814468,24
5815088,15
5815720,30
5816348,51
5816968,53
5817596,31
5818224,14
5818852,32
5819484,34
5820104,32
5820736,49
5821360,44
5821984,31
5822616,17
5823232,11
5823864,11
5824488,11
5825112,19
5825740,12
5826360,19
5826992,19
5827620,12
5828240,13
5828868,17
5829492,18
5830124,15
5830756,13
5831376,17
5832008,20
5832632,15
5833256,11
5833888,28
5834504,47
5835136,31
5835760,31
5836388,66
5837016,64
5837640,40
5838272,16
5838900,17
5839520,35
5840148,39
5840772,18
5841404,12
5842032,27
5842656,37
5843284,45
5843908,34
5844532,15
5845164,19
5845784,30
5846416,27
5847036,18
5847664,15
5848296,38
5848920,29
5849548,24
5850180,12
5850800,12
5851428,10
5852056,21
5852680,17
5853312,16
5853928,13
5854560,11
5855184,17
5855808,31
5856440,24
5857060,11
5857688,12
5858320,12
5858940,17
5859568,13
5860192,12
5860820,22
5861452,19
5862072,13
5862704,13
5863328,19
5863952,17
5864584,11
5865200,15
5865828,11
5866456,11
5867080,20
5867708,26
5868328,30
5868960,54
5869588,43
5870208,22
5870840,15
5871464,19
5872096,47
5872724,66
5873344,41
5873976,21
5874600,11
5875224,26
5875852,39
5876472,41
5877104,24
5877728,12
5878356,12
5878988,38
5879608,27
5880240,45
5880868,73
5881488,51
5882120,22
5882744,11
5883376,12
5884008,10
5884624,16
5885256,13
5885880,11
5886504,17
5887136,21
5887756,25
5888388,25
5889012,20
5889636,13
5890264,15
5890888,16
5891520,26
5892148,24
5892768,19
5893400,14
5894024,19
5894656,12
5895284,11
5895904,17
5896536,21
5897160,24
5897784,20
5898416,17
5899032,14
5899660,13
5900284,14
5900912,19
5901540,14
5902164,37
5902796,26
5903424,10
5904048,29
5904676,14
5905300,15
5905928,36
5906556,12
5907176,32
5907808,13
5908432,39
5909056,41
5909684,31
5910304,27
5910936,20
5911564,31
5912184,37
5912816,35
5913440,24
5914072,13
5914700,24
5915320,29
5915952,20
5916576,12
5917200,15
5917832,20
5918448,12
5919080,15
5919704,15
5920328,18
5920956,16
5921576,14
5922204,14
5922836,14
5923456,18
5924084,47
5924708,78
5925340,55
5925972,38
5926592,13
5927220,39
5927844,70
5928472,87
5929100,54
5929720,31
5930348,12
5930976,14
5931600,15
5932228,15
5932848,12
5933476,10
5934108,10
5934728,11
5935360,11
5935984,12
5936616,11
5937248,12
5937864,17
5938496,15
5939120,17
5939744,21
5940376,13
5940992,12
5941624,29
5942248,29
5942872,12
5943500,27
5944120,27
5944748,31
5945380,15
5946000,13
5946628,12
5947252,19
5947884,31
5948516,31
5949136,14
5949768,29
5950392,19
5951016,25
5951648,17
5952264,18
5952896,16
5953520,53
5954144,81
5954772,56
5955400,34
5956028,29
5956660,17
5957280,11
5957908,11
5958536,25
5959164,45
5959796,42
5960416,31
5961044,13
5961668,24
5962292,23
5962924,12
5963544,11
5964176,12
5964804,40
5965424,41
5966052,36
5966676,32
5967308,11
5967940,42
5968560,65
5969188,53
5969816,18
5970440,12
5971068,18
5971688,26
5972316,31
5972944,21
5973568,13
5974200,10
5974820,15
5975448,21
5976080,13
5976700,20
5977328,22
5977956,29
5978584,50
5979216,14
5979840,16
5980472,12
5981096,33
5981720,64
5982352,57
5982968,20
5983600,45
5984224,112
5984900,84
5985528,17
5986152,10
5986780,12
5987412,11
5988032,17
5988664,20
5989288,13
5989912,13
5990544,11
5991160,14
5991792,21
5992416,19
5993040,17
5993668,19
5994288,19
5994920,12
5995548,23
5996168,25
5996796,29
5997424,16
5998056,11
5998688,12
5999304,12
5999936,12
6000564,12
6001188,10
6001820,12
6002440,11
6003068,12
6003696,16
6004320,13
6004948,14
6005576,22
6006204,23
6006836,14
6007456,13
6008088,11
6008712,18
6009340,15
6009972,11
6010592,11
6011224,12
6011848,12
6012472,15
6013104,13
6013724,14
6014352,21
6014984,54
6015608,50
6016240,25
6016864,12
6017496,11
6018124,14
6018744,24
6019372,33
6020000,48
6020624,49
6021252,34
6021872,13
6022504,33
6023128,51
6023752,52
6024380,51
6025000,33
6025632,11
6026260,22
6026880,23
6027508,37
6028136,42
6028768,24
6029400,12
6030016,14
6030648,14
6031272,45
6031896,50
6032528,17
6033148,12
6033780,18
6034404,28
6035028,24
6035660,10
6036280,13
6036912,11
6037540,11
6038160,13
6038792,41
6039416,44
6040048,59
6040680,38
6041296,33
6041928,60
6042552,56
6043176,60
6043808,58
6044432,38
6045064,41
6045688,44
6046312,29
6046944,37
6047568,40
6048200,39
6048828,30
6049448,19
6050076,11
6050704,11
6051332,10
6051964,11
6052584,19
6053216,18
6053840,13
6054464,15
6055092,21
6055712,26
6056344,22
6056972,11
6057592,17
6058224,17
6058848,12
6059480,18
6060112,40
6060732,67
6061364,65
6061992,49
6062616,19
6063248,36
6063868,55
6064500,48
6065124,38
6065748,33
6066380,42
6067000,42
6067632,24
6068264,10
6068880,11
6069508,11
6070136,14
6070764,13
6071396,18
6072016,25
6072648,12
6073272,15
6073896,27
6074528,11
6075144,18
6075776,27
6076404,15
6077028,12
6077660,12
6078284,31
6078916,46
6079548,27
6080168,12
6080800,25
6081424,29
6082052,24
6082684,11
6083304,16
6083932,24
6084556,32
6085184,12
6085812,30
6086432,47
6087060,35
6087692,26
6088312,14
6088944,18
6089568,34
6090200,32
6090828,34
6091448,18
6092080,17
6092704,24
6093328,16
6093960,10
6094580,12
6095208,18
6095832,16
6096460,13
6097088,12
6097712,14
6098344,20
6098972,14
6099592,13
6100224,12
6100848,10
6101476,11
6102108,17
6102728,14
6103360,19
6103984,28
6104608,19
6105240,13
6105856,24
6106488,44
6107112,60
6107736,52
6108368,25
6108988,24
6109620,69
6110248,117
6110924,76
6111552,15
6112176,12
6112800,26
6113432,41
6114052,32
6114684,25
6115308,14
6115932,49
6116564,60
6117192,38
6117820,12
6118452,29
6119072,37
6119704,12
6120328,45
6120960,32
6121588,11
6122208,15
6122840,16
6123468,11
6124092,11
6124724,24
6125344,19
6125976,13
6126608,17
6127228,26
6127860,11
6128484,13
6129116,18
6129748,12
6130368,11
6131000,17
6131628,16
6132252,10
6132884,22
6133504,11
6134136,42
6134760,47
6135388,13
6136020,18
6136644,44
6137276,54
6137908,62
6138528,39
6139160,32
6139788,18
6140420,70
6141052,78
6141676,15
6142308,14
6142932,21
6143560,15
6144192,11
6144808,30
6145436,26
6146068,12
6146688,18
6147316,27
6147940,27
6148568,20
6149200,17
6149816,13
6150444,13
6151068,20
6151692,31
6152324,42
6152944,35
6153572,16
6154200,12
6154824,13
6155452,14
6156072,25
6156700,53
6157332,52
6157952,20
6158584,12
6159208,15
6159836,45
6160468,64
6161088,39
6161716,15
6162340,13
6162968,15
6163596,12
6164216,23
6164844,57
6165468,65
6166092,32
6166724,16
6167344,46
6167972,58
6168604,39
6169224,12
6169856,11
6170476,12
6171108,12
6171740,12
6172360,13
6172988,13
6173612,13
6174236,10
6174868,14
6175488,25
6176120,40
6176740,33
6177364,18
6177996,14
6178616,13
6179244,13
6179876,12
6180496,28
6181124,54
6181748,66
6182380,37
6183012,15
6183632,69
6184264,121
6184940,24
6185560,17
6186192,29
6186808,31
6187440,29
6188068,14
6188688,25
6189320,40
6189944,37
6190576,17
6191204,10
6191824,23
6192456,18
6193080,26
6193704,35
6194336,18
6194952,15
6195584,39
6196212,54
6196836,40
6197464,28
6198088,11
6198716,10
6199348,20
6199968,15
6200600,11
6201224,14
6201856,11
6202484,15
6203104,12
6203736,15
6204360,26
6204984,20
6205616,12
6206232,19
6206864,33
6207492,34
6208112,15
6208744,11
6209368,11
6209996,17
6210628,20
6211248,21
6211876,15
6212504,13
6213128,13
6213756,19
6214376,19
6215008,12
6215636,11
6216260,11
6216892,12
6217512,23
6218144,13
6218776,12
6219396,25
6220028,14
6220652,11
6221284,13
6221912,12
6222536,11
6223168,20
6223792,20
6224420,11
6225052,17
6225672,13
6226304,33
6226928,27
6227552,17
6228180,17
6228808,13
6229436,24
6230068,12
6230688,15
6231320,61
6231944,57
6232576,53
6233208,27
6233824,10
6234456,14
6235080,11
6235704,12
6236336,12
6236952,12
6237584,22
6238216,22
6238832,12
6239464,11
6240092,11
6240720,17
6241348,12
6241968,16
6242596,28
6243220,12
6243848,33
6244476,44
6245096,40
6245728,23
6246352,24
6246976,48
6247608,39
6248224,25
6248856,23
6249484,46
6250104,43
6250732,23
6251360,10
6251988,12
6252620,10
6253240,20
6253868,16
6254496,11
6255120,23
6255752,25
6256368,18
6257000,15
6257624,11
6258248,10
6258876,13
6259496,18
6260128,17
6260756,16
6261376,19
6262008,19
6262632,22
6263260,31
6263892,11
6264512,28
6265144,43
6265768,39
6266392,30
6267024,19
6267640,15
6268272,20
6268896,17
6269520,32
6270152,29
6270768,11
6271400,14
6272032,19
6272648,54
6273276,47
6273900,27
6274532,60
6275164,101
6275836,108
6276516,32
6277144,12
6277760,11
6278388,23
6279016,22
6279648,12
6280276,12
6280896,20
6281524,21
6282152,15
6282776,14
6283408,16
6284024,12
6284656,10
6285280,10
6285904,15
6286536,12
6287156,15
6287784,12
6288416,12
6289036,12
6289664,11
6290292,21
6290920,29
6291552,28
6292168,20
6292800,11
6293424,13
6294048,16
6294680,39
6295300,41
6295928,19
6296556,16
6297180,18
6297812,20
6298436,28
6299068,25
6299700,14
6300320,16
6300952,21
6301576,16
6302208,43
6302840,21
6303456,15
6304088,14
6304712,13
6305336,16
6305968,12
6306584,12
6307216,27
6307848,23
6308464,15
6309096,17
6309720,41
6310352,49
6310984,47
6311600,24
6312232,12
6312856,19
6313480,13
6314112,11
6314732,11
6315364,11
6315988,13
6316612,24
6317244,29
6317864,69
6318496,80
6319128,70
6319748,28
6320380,22
6321004,63
6321636,94
6322268,80
6322888,53
6323520,27
6324144,18
6324768,11
6325400,16
6326020,12
6326648,11
6327276,15
6327900,19
6328532,16
6329156,26
6329788,17
6330420,12
6331040,17
6331672,18
6332296,23
6332928,18
6333560,10
6334180,10
6334812,17
6335436,12
6336060,15
6336692,18
6337312,28
6337944,29
6338576,12
6339192,22
6339824,12
6340448,10
6341080,22
6341712,27
6342332,12
6342964,15
6343588,13
6344216,18
6344848,16
6345464,12
6346096,30
6346724,37
6347348,30
6347984,12
6348604,25
6349236,26
6349864,32
6350488,17
6351116,13
6351744,25
6352376,13
6353008,27
6353624,34
6354256,25
6354880,28
6355504,15
6356136,20
6356756,23
6357388,45
6358012,59
6358640,44
6359272,13
6359896,23
6360528,19
6361160,24
6361776,27
6362408,14
6363032,30
6363656,28
6364288,15
6364908,10
6365540,11
6366164,15
6366788,13
6367420,12
6368040,11
6368672,11
6369304,17
6369920,28
6370552,24
6371176,11
6371808,11
6372444,11
6373064,12
6373696,21
6374324,17
6374948,11
6375580,16
6376200,16
6376832,11
6377456,39
6378084,83
6378716,79
6379340,53
6379972,24
6380604,38
6381224,113
6381908,94
6382532,53
6383156,33
6383788,20
6384412,11
6385044,19
6385672,16
6386296,11
6386932,12
6387556,12
6388188,13
6388820,12
6389440,11
6390072,15
6390700,16
6391324,17
6391956,21
6392580,27
6393208,35
6393836,41
6394460,39
6395092,22
6395720,15
6396352,21
6396984,54
6397604,79
6398236,50
6398864,25
6399496,18
6400128,15
6400744,13
6401372,11
6401996,13
6402616,12
6403248,11
6403864,14
6404492,11
6405116,30
6405740,37
6406368,37
6406992,32
6407620,17
6408252,11
6408872,17
6409500,28
6410124,33
6410756,36
6411384,17
6412004,13
6412632,13
6413256,13
6413880,12
6414508,21
6415128,51
6415756,41
6416380,16
6417008,13
6417636,11
6418260,11
6418888,15
6419520,18
6420136,18
6420768,15
6421392,12
6422020,17
6422652,18
6423272,12
6423900,10
6424528,13
6425152,16
6425780,24
6426400,11
6427028,20
6427660,32
6428280,29
6428908,19
6429532,11
6430164,26
6430796,25
6431416,14
6432044,11
6432668,12
6433292,17
6433920,13
6434536,37
6435168,20
6435792,23
6436416,18
6437044,22
6437664,27
6438292,12
6438924,13
6439544,21
6440176,11
6440796,12
6441428,11
6442060,12
6442680,11
6443308,11
6443936,11
6444560,19
6445188,22
6445808,13
6446436,23
6447064,35
6447688,39
6448316,20
6448936,13
6449564,11
6450196,12
6450816,12
6451448,27
6452068,19
6452700,13
6453328,12
6453952,19
6454580,22
6455204,21
6455828,13
6456460,20
6457080,19
6457708,11
6458332,11
6458956,12
6459588,12
6460208,11
6460836,19
6461468,10
6462088,14
6462716,14
6463344,20
6463976,12
6464604,20
6465224,27
6465852,36
6466480,38
6467104,21
6467732,14
6468352,16
6468984,45
6469608,38
6470232,13
6470860,26
6471480,44
6472112,55
6472740,43
6473360,21
6473988,15
6474612,28
6475244,47
6475872,30
6476496,17
6477124,11
6477748,17
6478372,27
6479004,19
6479624,15
6480252,30
6480876,29
6481500,16
6482132,11
6482756,15
6483384,10
6484016,12
6484632,11
6485260,10
6485884,11
6486516,14
6487148,12
6487768,14
6488396,26
6489024,16
6489648,14
6490276,22
6490896,25
6491524,12
6492152,25
6492776,26
6493408,13
6494032,11
6494660,12
6495292,14
6495912,12
6496544,24
6497168,30
6497800,27
6498428,18
6499048,19
6499680,25
6500304,40
6500928,45
6501560,33
6502180,17
6502808,11
6503440,15
6504056,13
6504688,13
6505312,13
6505944,15
6506572,16
6507192,20
6507824,37
6508448,12
6509072,27
6509704,15
6510320,12
6510952,13
6511576,13
6512200,14
6512832,13
6513452,11
6514080,15
6514708,11
6515328,21
6515956,32
6516584,33
6517212,17
6517844,12
6518464,11
6519096,21
6519720,22
6520344,20
6520976,15
6521592,12
6522224,24
6522852,27
6523476,12
6524108,10
6524728,11
6525360,11
6525992,11
6526608,13
6527240,19
6527868,21
6528500,15
6529132,12
6529752,13
6530384,15
6531008,12
6531632,11
6532264,12
6532880,22
6533512,14
6534136,26
6534760,41
6535388,33
6536016,18
6536644,11
6537276,14
6537896,26
6538528,20
6539152,14
6539784,16
6540416,12
6541036,30
6541664,37
6542292,22
6542916,11
6543548,24
6544168,39
6544796,16
6545428,14
6546048,18
6546680,19
6547304,15
6547936,11
6548568,22
6549184,25
6549816,29
6550440,18
6551064,14
6551696,20
6552316,25
6552948,18
6553576,12
6554200,12
6554832,13
6555448,13
6556076,18
6556704,12
6557328,11
6557956,13
6558580,13
6559208,12
6559840,10
6560456,12
6561084,14
6561704,18
6562328,18
6562956,12
6563576,15
6564204,23
6564824,15
6565448,21
6566076,31
6566696,19
6567324,11
6567952,28
6568568,26
6569196,28
6569820,19
6570448,12
6571080,12
6571696,20
6572324,19
6572948,14
6573572,11
6574204,12
6574824,11
6575452,11
6576076,21
6576696,29
6577328,29
6577944,29
6578572,14
6579196,22
6579824,17
6580452,20
6581076,28
6581704,23
6582336,18
6582952,18
6583580,25
6584204,17
6584836,14
6585464,13
6586080,12
6586708,22
6587332,13
6587956,33
6588588,30
6589208,15
6589836,26
6590460,36
6591088,25
6591716,13
6592340,41
6592972,44
6593600,23
6594216,19
6594844,13
6595468,12
6596096,13
6596724,12
6597344,15
6597972,12
6598596,11
6599220,10
6599848,13
6600464,20
6601096,14
6601720,13
6602340,10
6602972,10
6603596,13
6604224,17
6604852,13
6605468,17
6606100,25
6606720,22
6607352,14
6607980,11
6608600,13
6609228,13
6609852,15
6610476,11
6611104,16
6611724,16
6612352,18
6612976,25
6613600,21
6614228,13
6614852,11
6615484,13
6616112,15
6616732,13
6617360,13
6617984,15
6618612,36
6619244,34
6619864,18
6620492,21
6621116,35
6621740,20
6622372,14
6622992,15
6623620,16
6624248,49
6624868,43
6625500,11
6626124,11
6626752,40
6627380,61
6628000,58
6628628,47
6629252,44
6629884,28
6630512,14
6631136,24
6631764,20
6632388,23
6633012,47
6633644,68
6634264,42
6634892,13
6635516,38
6636144,63
6636776,36
6637400,32
6638028,19
6638660,14
6639280,21
6639908,22
6640536,22
6641156,11
6641788,14
6642408,17
6643036,23
6643660,23
6644284,13
6644912,33
6645536,41
6646164,26
6646796,18
6647416,12
6648044,10
6648668,12
6649300,11
6649928,11
6650544,16
6651176,17
6651800,18
6652424,22
6653052,14
6653672,12
6654304,16
6654928,30
6655552,18
6656184,19
6656800,11
6657428,20
6658056,11
6658672,15
6659300,17
6659924,13
6660552,16
6661180,14
6661800,20
6662428,14
6663048,17
6663680,23
6664308,14
6664928,43
6665556,33
6666180,14
6666804,14
6667432,11
6668056,9
6668632,17
6669256,15
6669880,16
6670508,18
6671128,14
6671756,24
6672380,22
6673008,29
6673636,14
6674260,11
6674888,17
6675520,22
6676136,12
6676768,35
6677392,44
6678020,44
6678652,26
6679272,12
6679900,19
6680524,15
6681148,12
6681780,14
6682400,13
6683028,10
6683656,11
6684276,12
6684904,23
6685528,27
6686156,21
6686788,12
6687408,14
6688036,21
6688660,13
6689284,21
6689912,19
6690536,21
6691164,46
6691792,31
6692416,13
6693044,43
6693664,38
6694292,13
6694924,20
6695544,50
6696176,61
6696796,37
6697428,20
6698060,10
6698680,20
6699308,29
6699932,24
6700556,16
6701188,12
6701808,12
6702436,14
6703060,15
6703688,19
6704316,32
6704936,37
6705564,25
6706196,31
6706816,31
6707448,16
6708068,34
6708700,16
6709328,16
6709948,11
6710576,13
6711200,21
6711824,55
6712456,62
6713072,26
6713704,13
6714328,15
6714952,16
6715580,11
6716200,11
6716832,21
6717460,25
6718080,25
6718708,39
6719332,27
6719964,26
6720596,18
6721216,12
6721844,18
6722468,16
6723088,15
6723716,22
6724336,47
6724964,47
6725588,24
6726212,11
6726840,12
6727460,15
6728088,11
6728716,12
6729336,13
6729964,12
6730588,18
6731216,16
6731848,22
6732464,29
6733092,15
6733716,14
6734344,26
6734972,13
6735592,33
6736224,34
6736844,22
6737468,16
6738100,20
6738720,24
6739348,15
6739976,28
6740600,37
6741228,39
6741852,21
6742480,21
6743112,81
6743728,92
6744360,37
6744984,13
6745608,21
6746236,28
6746856,14
6747484,22
6748112,23
6748736,19
6749364,18
6749984,17
6750616,11
6751244,18
6751864,11
6752496,21
6753120,21
6753748,27
6754380,14
6755000,21
6755632,18
6756256,16
6756880,21
6757508,11
6758128,11
6758760,14
6759380,23
6760004,13
6760632,33
6761252,56
6761880,25
6762508,11
6763128,17
6763756,21
6764380,22
6765012,25
6765640,19
6766256,15
6766888,13
6767512,11
6768136,11
6768764,14
6769384,22
6770012,13
6770636,13
6771260,15
6771888,11
6772512,13
6773140,17
6773772,18
6774392,12
6775024,14
6775648,14
6776276,16
6776908,18
6777528,15
6778160,15
6778784,17
6779408,31
6780036,29
6780656,13
6781284,26
6781912,11
6782536,12
6783164,19
6783784,21
6784416,24
6785044,22
6785664,12
6786292,29
6786916,27
6787544,12
6788176,12
6788792,12
6789424,19
6790048,18
6790672,27
6791300,43
6791920,15
6792548,32
6793176,40
6793800,23
6794428,15
6795048,26
6795676,49
6796308,54
6796928,49
6797556,31
6798184,12
6798812,21
6799444,20
6800064,21
6800692,33
6801316,41
6801936,32
6802568,14
6803184,33
6803816,26
6804436,41
6805060,35
6805692,12
6806312,21
6806944,23
6807572,22
6808192,11
6808820,21
6809444,22
6810076,15
6810704,37
6811328,43
6811956,19
6812580,13
6813204,24
6813836,34
6814456,40
6815084,31
6815708,17
6816332,14
6816964,10
6817584,11
6818212,16
6818844,10
6819464,11
6820092,15
6820716,16
6821348,12
6821976,12
6822600,13
6823228,12
6823852,11
6824476,13
6825104,14
6825728,14
6826356,11
6826980,11
6827604,12
6828236,15
6828856,14
6829484,14
6830116,15
6830736,20
6831364,33
6831992,36
6832620,13
6833252,11
6833872,24
6834504,22
6835128,15
6835752,15
6836380,27
6837000,42
6837628,51
6838256,38
6838880,19
6839508,21
6840136,47
6840768,31
6841396,27
6842016,16
6842644,11
6843268,12
6843900,14
6844528,36
6845152,49
6845784,52
6846408,19
6847032,17
6847660,22
6848280,18
6848908,10
6849532,18
6850160,11
6850788,29
6851416,19
6852044,34
6852676,13
6853296,34
6853924,37
6854552,36
6855176,24
6855804,12
6856424,30
6857052,58
6857680,42
6858300,11
6858932,11
6859552,28
6860184,17
6860812,10
6861432,11
6862060,13
6862684,21
6863316,22
6863948,12
6864568,15
6865196,10
6865820,15
6866448,24
6867076,20
6867696,19
6868324,11
6868948,11
6869576,11
6870204,11
6870824,14
6871456,13
6872084,14
6872704,34
6873336,54
6873960,43
6874588,21
6875220,13
6875840,12
6876472,11
6877096,27
6877720,35
6878352,59
6878972,65
6879600,53
6880228,24
6880852,11
6881480,11
6882100,10
6882728,16
6883356,12
6883976,13
6884604,11
6885228,10
6885860,13
6886488,14
6887104,17
6887732,20
6888356,23
6888980,18
6889608,16
6890232,27
6890860,18
6891484,11
6892108,30
6892740,16
6893360,13
6893988,11
6894620,16
6895240,12
6895868,13
6896496,17
6897124,30
6897756,18
6898376,12
6899008,12
6899632,18
6900256,20
6900884,13
6901504,23
6902136,27
6902760,16
6903384,20
6904012,46
6904632,52
6905264,43
6905892,23
6906512,13
6907144,12
6907768,19
6908400,18
6909028,11
6909648,17
6910276,21
6910904,17
6911528,13
6912160,14
6912776,20
6913404,15
6914028,28
6914652,27
6915284,11
6915904,13
6916536,12
6917164,11
6917784,11
6918412,16
6919036,36
6919668,17
6920300,12
6920920,12
6921548,20
6922176,31
6922800,20
6923428,23
6924048,36
6924676,36
6925300,53
6925924,32
6926556,36
6927180,52
6927812,25
6928440,42
6929064,71
6929692,52
6930316,31
6930948,12
6931580,15
6932200,15
6932828,19
6933452,27
6934076,26
6934708,10
6935328,27
6935960,10
6936588,11
6937208,12
6937840,13
6938464,12
6939092,16
6939724,20
6940344,11
6940972,12
6941600,20
6942224,25
6942852,29
6943472,25
6944104,13
6944728,38
6945348,53
6945980,36
6946600,13
6947228,17
6947860,12
6948480,14
6949108,13
6949736,11
6950364,10
6950996,23
6951616,29
6952248,12
6952872,12
6953496,16
6954128,15
6954744,15
6955376,19
6956000,40
6956624,47
6957256,47
6957872,49
6958504,34
6959136,17
6959756,12
6960388,14
6961012,15
6961644,13
6962276,16
6962896,23
6963528,22
6964148,18
6964772,11
6965404,10
6966024,14
6966652,10
6967276,14
6967900,14
6968532,11
6969156,18
6969784,17
6970412,15
6971032,20
6971660,33
6972288,25
6972916,11
6973548,20
6974168,58
6974796,66
6975424,41
6976048,27
6976676,24
6977296,15
6977924,14
6978548,19
6979172,12
6979804,12
6980428,20
6981056,19
6981688,17
6982308,13
6982936,16
6983564,31
6984192,59
6984824,14
6985440,38
6986068,55
6986696,49
6987320,27
6987948,18
6988568,15
6989200,27
6989820,12
6990448,12
6991076,12
6991704,11
6992332,11
6992964,13
6993584,11
6994216,15
6994840,26
6995464,14
6996092,12
6996712,15
6997344,22
6997968,24
6998592,37
6999224,27
6999840,31
7000472,49
7001100,46
7001720,15
7002352,25
7002976,28
7003608,39
7004236,37
7004856,17
7005484,13
7006108,11
7006736,22
7007364,45
7007984,15
7008616,57
7009240,59
7009864,29
7010492,12
7011112,13
7011744,16
7012376,35
7012996,41
7013624,29
7014252,22
7014884,10
7015512,35
7016132,75
7016764,31
7017388,16
7018012,34
7018644,26
7019264,18
7019896,13
7020520,12
7021144,12
7021776,25
7022392,37
7023024,15
7023656,17
7024276,15
7024908,23
7025532,61
7026164,59
7026796,52
7027416,52
7028048,33
7028672,15
7029296,24
7029928,36
7030544,33
7031176,22
7031804,12
7032432,11
7033064,14
7033692,24
7034320,12
7034952,12
7035576,15
7036208,11
7036832,16
7037456,13
7038088,14
7038708,16
7039340,17
7039964,14
7040592,11
7041220,13
7041840,13
7042468,33
7043100,38
7043720,15
7044352,13
7044976,25
7045604,36
7046236,33
7046856,15
7047484,29
7048108,39
7048732,21
7049364,22
7049984,18
7050612,18
7051236,12
7051860,11
7052492,10
7053112,13
7053740,13
7054372,11
7054992,12
7055624,13
7056248,14
7056876,11
7057508,10
7058128,11
7058756,11
7059384,11
7060004,11
7060636,12
7061256,13
7061884,20
7062512,16
7063136,13
7063768,13
7064392,16
7065024,12
7065652,10
7066272,11
7066900,11
7067524,12
7068152,18
7068784,13
7069404,12
7070032,19
7070660,40
7071284,56
7071916,59
7072536,44
7073168,14
7073796,55
7074416,94
7075048,83
7075672,42
7076300,23
7076932,14
7077552,13
7078184,19
7078808,13
7079432,15
7080064,25
7080680,33
7081312,15
7081936,32
7082560,60
7083188,60
7083808,38
7084440,21
7085072,16
7085688,25
7086320,20
7086944,21
7087572,27
7088204,37
7088824,24
7089452,17
7090076,29
7090704,27
7091332,16
7091952,17
7092584,63
7093208,79
7093832,112
7094512,136
7095188,99
7095812,43
7096444,11
7097064,20
7097696,23
7098320,16
7098944,16
7099572,10
7100192,25
7100824,19
7101452,14
7102072,53
7102704,101
7103380,138
7104060,130
7104736,98
7105360,90
7105992,27
7106620,75
7107240,47
7107868,34
7108496,19
7109124,13
7109756,16
7110376,10
7111008,13
7111636,24
7112260,51
7112892,96
7113512,108
7114196,85
7114824,49
7115444,31
7116076,29
7116700,11
7117328,17
7117960,48
7118576,70
7119208,56
7119836,29
7120460,12
7121092,18
7121712,23
7122344,44
7122972,26
7123592,11
7124224,13
7124848,26
7125476,35
7126112,12
7126728,38
7127360,55
7127984,31
7128608,14
7129240,13
7129860,23
7130488,12
7131112,25
7131736,31
7132368,16
7132988,10
7133620,10
7134248,10
7134868,22
7135500,35
7136124,31
7136756,23
7137388,32
7138008,47
7138636,40
7139264,29
7139888,13
7140520,13
7141136,43
7141768,33
7142392,15
7143020,20
7143648,15
7144276,13
7144908,49
7145536,44
7146160,30
7146792,20
7147420,12
7148044,25
7148676,31
7149296,76
7149928,63
7150552,12
7151176,20
7151808,29
7152432,23
7153064,19
7153696,14
7154316,11
7154948,16
7155576,17
7156208,11
7156836,14
7157456,25
7158088,31
7158716,34
7159340,17
7159972,27
7160596,35
7161228,19
7161852,13
7162480,17
7163112,26
7163740,27
7164372,21
7165004,10
7165624,14
7166256,14
7166884,29
7167508,20
7168144,18
7168760,53
7169388,46
7170012,37
7170636,23
7171264,12
7171888,22
7172516,18
7173148,14
7173768,18
7174396,11
7175024,17
7175652,24
7176284,19
7176904,11
7177536,16
7178160,28
7178784,14
7179416,30
7180032,44
7180664,41
7181288,16
7181912,21
7182544,29
7183160,20
7183792,21
7184424,19
7185044,13
7185672,11
7186300,12
7186928,19
7187560,31
7188180,48
7188812,31
7189436,13
7190060,11
7190692,14
7191312,20
7191944,23
7192568,15
7193192,16
7193824,18
7194448,18
7195076,24
7195708,12
7196328,30
7196960,45
7197584,44
7198216,36
7198848,24
7199464,47
7200096,34
7200720,12
7201344,16
7201972,10
7202592,17
7203220,26
7203852,26
7204472,12
7205104,19
7205728,23
7206356,17
7206988,20
7207608,19
7208240,20
7208864,35
7209488,43
7210116,26
7210736,13
7211364,12
7211988,19
7212612,35
7213244,27
7213864,24
7214492,11
7215124,16
7215744,13
7216372,29
7216996,40
7217628,30
7218256,22
7218880,22
7219508,17
7220132,13
7220756,11
7221388,17
7222008,21
7222636,23
7223260,31
7223884,31
7224516,26
7225136,12
7225764,41
7226396,24
7227016,25
7227644,45
7228272,52
7228900,37
7229532,16
7230152,56
7230784,49
7231408,38
7232032,19
7232660,16
7233280,11
7233908,12
7234532,12
7235156,20
7235788,18
7236408,13
7237036,32
7237668,38
7238288,37
7238920,22
7239544,37
7240172,61
7240804,46
7241424,27
7242052,16
7242680,17
7243304,15
7243932,20
7244552,19
7245184,13
7245808,13
7246432,15
7247060,11
7247684,13
7248316,12
7248944,11
7249564,13
7250196,15
7250820,11
7251448,17
7252076,11
7252696,14
7253324,15
7253952,11
7254576,12
7255204,11
7255824,11
7256456,15
7257080,11
7257704,11
7258332,12
7258956,15
7259588,11
7260220,12
7260840,11
7261468,15
7262092,19
7262724,21
7263356,18
7263976,27
7264608,29
7265232,35
7265860,23
7266488,14
7267112,15
7267744,24
7268376,26
7268992,17
7269624,12
7270248,14
7270880,19
7271508,17
7272128,13
7272756,44
7273384,73
7274008,63
7274636,34
7275256,23
7275888,11
7276512,11
7277136,15
7277764,14
7278384,14
7279016,13
7279648,18
7280264,17
7280896,11
7281520,17
7282148,17
7282780,10
7283400,12
7284028,13
7284652,12
7285276,30
7285908,14
7286528,15
7287156,12
7287784,34
7288408,51
7289036,48
7289656,40
7290284,15
7290916,44
7291536,99
7292168,89
7292788,49
7293420,30
7294052,12
7294672,13
7295304,15
7295928,22
7296552,12
7297184,17
7297800,25
7298432,21
7299056,17
7299680,15
7300308,15
7300932,16
7301564,16
7302196,16
7302816,19
7303444,21
7304072,18
7304700,14
7305332,11
7305952,12
7306584,17
7307208,18
7307832,11
7308464,16
7309080,29
7309712,36
7310344,31
7310960,26
7311592,12
7312220,35
7312848,38
7313476,37
7314096,34
7314728,14
7315352,46
7315976,69
7316608,38
7317224,11
7317856,32
7318480,43
7319104,34
7319736,21
7320356,42
7320984,59
7321616,53
7322236,51
7322864,29
7323488,12
7324120,17
7324752,13
7325372,12
7326000,13
7326628,24
7327252,27
7327884,13
7328504,16
7329136,16
7329760,13
7330384,21
7331016,25
7331636,15
7332264,10
7332896,11
7333516,16
7334148,20
7334772,22
7335404,26
7336032,22
7336656,19
7337288,15
7337912,27
7338536,24
7339168,18
7339788,11
7340420,19
7341044,13
7341668,10
7342300,11
7342924,11
7343556,11
7344188,11
7344808,18
7345436,16
7346064,13
7346696,14
7347328,11
7347948,13
7348576,11
7349204,11
7349828,21
7350460,22
7351080,13
7351712,11
7352344,11
7352960,19
7353592,24
7354216,23
7354852,25
7355484,27
7356104,11
7356736,39
7357364,26
7357992,13
7358624,37
7359244,35
7359876,12
7360504,41
7361128,78
7361756,71
7362384,15
7363012,14
7363644,11
7364264,22
7364896,23
7365520,34
7366152,41
7366780,20
7367400,12
7368032,23
7368656,14
7369280,14
7369912,13
7370532,11
7371164,26
7371796,26
7372416,18
7373048,17
7373672,25
7374304,13
7374932,12
7375552,12
7376180,17
7376804,24
7377428,23
7378060,14
7378680,15
7379308,19
7379932,27
7380556,19
7381188,14
7381808,23
7382436,14
7383068,14
7383688,12
7384316,11
7384944,13
7385572,17
7386204,14
7386824,11
7387452,15
7388080,16
7388704,13
7389332,12
7389952,12
7390584,12
7391208,20
7391832,11
7392464,22
7393080,29
7393712,17
7394340,11
7394960,12
7395588,13
7396216,13
7396844,13
7397476,12
7398096,17
7398728,14
7399352,11
7399976,11
7400608,10
7401224,13
7401852,17
7402480,22
7403104,21
7403732,25
7404360,25
7404988,23
7405620,16
7406240,29
7406868,60
7407496,62
7408128,44
7408756,12
7409376,33
7410008,130
7410684,138
7411356,67
7411984,43
7412608,26
7413240,29
7413868,27
7414488,23
7415116,22
7415744,17
7416368,18
7416996,18
7417616,15
7418244,11
7418872,20
7419496,16
7420128,17
7420752,40
7421384,45
7422016,26
7422636,19
7423268,21
7423892,15
7424520,24
7425148,14
7425768,11
7426396,15
7427020,23
7427644,24
7428276,12
7428896,21
7429524,21
7430156,16
7430776,16
7431404,21
7432032,19
7432660,11
7433292,10
7433912,13
7434544,11
7435168,12
7435792,10
7436424,11
7437040,15
7437672,22
7438296,25
7438920,25
7439552,13
7440168,11
7440800,17
7441428,15
7442048,16
7442676,15
7443304,11
7443932,11
7444564,11
7445184,15
7445812,12
7446440,17
7447064,24
7447692,23
7448312,31
7448944,31
7449568,22
7450192,11
7450824,11
7451444,26
7452076,40
7452704,36
7453328,20
7453960,13
7454584,21
7455216,39
7455844,41
7456464,48
7457092,58
7457720,77
7458344,75
7458972,32
7459592,12
7460224,16
7460848,26
7461472,27
7462100,17
7462728,12
7463356,18
7463988,44
7464608,47
7465240,25
7465864,11
7466496,15
7467124,40
7467744,49
7468376,48
7469000,39
7469624,29
7470256,15
7470872,11
7471504,13
7472136,12
7472756,11
7473384,11
7474012,22
7474644,30
7475272,21
7475896,12
7476524,17
7477148,22
7477776,21
7478404,18
7479024,15
7479656,12
7480280,13
7480904,18
7481536,28
7482152,13
7482784,13
7483416,11
7484032,11
7484664,15
7485288,11
7485920,19
7486548,27
7487168,13
7487800,20
7488424,17
7489048,14
7489680,13
7490296,14
7490928,13
7491552,27
7492180,41
7492808,19
7493432,15
7494064,32
7494696,48
7495312,49
7495944,25
7496572,19
7497200,23
7497832,14
7498452,19
7499080,59
7499708,55
7500332,39
7500964,16
7501584,11
7502216,23
7502840,27
7503464,24
7504096,31
7504720,44
7505348,51
7505980,38
7506600,17
7507232,16
7507856,31
7508488,46
7509116,29
7509736,15
7510368,20
7510996,13
7511624,13
7512256,12
7512876,24
7513508,36
7514140,14
7514760,50
7515392,31
7516020,19
7516652,29
7517284,16
7517904,11
7518536,18
7519160,17
7519788,16
7520420,18
7521040,12
7521672,17
7522296,15
7522920,21
7523552,32
7524176,13
7524808,17
7525436,12
7526056,11
7526692,11
7527316,12
7527944,32
7528576,33
7529196,11
7529824,17
7530452,22
7531076,15
7531708,10
7532328,11
7532960,10
7533592,10
7534212,13
7534840,13
7535468,11
7536100,11
7536732,16
7537352,20
7537984,12
7538608,14
7539232,12
7539860,13
7540480,11
7541108,11
7541736,11
7542360,12
7542992,11
7543608,11
7544240,15
7544872,12
7545492,13
7546124,19
7546748,42
7547380,38
7548012,16
7548632,17
7549264,49
7549888,74
7550512,62
7551144,26
7551768,10
7552404,14
7553032,19
7553652,29
7554280,45
7554908,43
7555536,40
7556168,15
7556792,27
7557424,65
7558048,69
7558672,43
7559304,41
7559920,41
7560552,33
7561180,18
7561804,13
7562436,16
7563056,23
7563688,29
7564316,26
7564936,20
7565568,17
7566192,22
7566824,11
7567456,13
7568072,11
7568704,28
7569328,34
7569952,25
7570584,12
7571200,27
7571832,17
7572456,11
7573084,17
7573716,23
7574340,11
7574976,22
7575608,20
7576228,15
7576860,14
7577484,17
7578116,21
7578748,18
7579368,13
7580000,34
7580624,33
7581248,18
7581880,14
7582496,11
7583128,18
7583760,20
7584376,27
7585008,23
7585632,15
7586260,36
7586892,24
7587512,27
7588144,57
7588768,59
7589392,32
7590024,11
7590644,14
7591272,14
7591900,16
7592524,17
7593156,21
7593776,19
7594408,12
7595036,11
7595656,18
7596288,15
7596916,14
7597548,29
7598180,16
7598800,13
7599432,25
7600056,25
7600680,15
7601308,14
7601928,18
7602560,27
7603184,17
7603808,14
7604440,16
7605064,26
7605696,13
7606324,16
7606944,18
7607576,30
7608200,43
7608832,21
7609464,34
7610084,29
7610712,29
7611336,35
7611964,24
7612596,16
7613216,25
7613848,23
7614480,38
7615104,39
7615736,18
7616364,19
7616996,20
7617624,11
7618248,11
7618880,17
7619504,13
7620128,11
7620760,23
7621376,32
7622008,37
7622632,19
7623256,11
7623888,13
7624504,23
7625136,21
7625768,17
7626384,13
7627016,12
7627644,13
7628276,13
7628908,11
7629528,14
7630160,11
7630784,11
7631408,10
7632040,11
7632656,12
7633288,14
7633912,18
7634536,13
7635168,12
7635796,19
7636428,22
7637060,28
7637680,14
7638312,18
7638940,19
7639564,19
7640196,19
7640816,27
7641448,15
7642072,31
7642696,13
7643328,32
7643948,64
7644580,60
7645212,56
7645832,46
7646464,15
7647092,85
7647724,116
7648408,49
7649024,27
7649656,17
7650280,11
7650904,10
7651536,11
7652156,13
7652788,20
7653420,27
7654044,27
7654676,16
7655300,12
7655932,15
7656564,11
7657184,12
7657816,11
7658444,16
7659068,19
7659700,16
7660320,13
7660952,24
7661584,14
7662204,16
7662836,12
7663460,20
7664092,21
7664724,20
7665344,11
7665976,19
7666600,16
7667224,11
7667856,16
7668476,21
7669108,20
7669736,18
7670360,18
7670992,20
7671620,12
7672252,11
7672884,11
7673504,11
7674140,11
7674764,10
7675400,11
7676032,13
7676652,11
7677284,12
7677912,18
7678540,16
7679172,18
7679796,14
7680428,11
7681060,10
7681680,11
7682308,10
7682932,16
7683564,13
7684192,10
7684808,15
7685440,16
7686064,12
7686688,14
7687316,13
7687936,12
7688568,18
7689188,27
7689816,20
7690444,11
7691064,11
7691692,19
7692324,44
7692944,41
7693572,15
7694200,12
7694828,13
7695460,12
7696080,17
7696708,18
7697332,11
7697960,12
7698588,10
7699208,11
7699836,11
7700464,11
7701088,25
7701716,55
7702344,33
7702972,14
7703604,12
7704224,13
7704856,12
7705480,16
7706108,23
7706740,30
7707360,33
7707988,33
7708616,25
7709240,12
7709868,17
7710488,37
7711120,43
7711748,51
7712368,48
7713000,25
7713624,12
7714252,17
7714884,10
7715504,13
7716136,10
7716760,11
7717384,11
7718016,15
7718636,12
7719264,13
7719888,11
7720512,12
7721144,13
7721760,18
7722388,12
7723020,10
7723640,15
7724272,11
7724896,13
7725524,26
7726156,22
7726776,22
7727408,32
7728032,27
7728656,20
7729284,11
7729904,18
7730536,24
7731160,26
7731784,19
7732416,12
7733036,11
7733668,11
7734300,10
7734920,11
7735552,10
7736176,12
7736808,13
7737436,12
7738056,13
7738688,16
7739312,24
7739936,11
7740568,12
7741188,20
7741820,23
7742444,16
7743068,19
7743700,18
7744324,61
7744956,75
7745584,66
7746208,43
7746840,14
7747464,60
7748092,67
7748724,54
7749344,33
7749976,23
7750600,19
7751224,19
7751856,14
7752472,15
7753104,15
7753736,21
7754352,12
7754984,27
7755612,22
7756244,12
7756872,11
7757496,14
7758128,25
7758752,19
7759376,21
7760008,22
7760624,22
7761256,14
7761880,13
7762504,13
7763136,13
7763752,12
7764384,16
7765016,13
7765632,11
7766264,15
7766892,14
7767520,14
7768152,12
7768776,10
7769408,16
7770032,18
7770660,30
7771288,33
7771912,25
7772544,11
7773172,13
7773796,23
7774428,32
7775052,21
7775684,14
7776316,14
7776936,22
7777568,33
7778192,30
7778824,24
7779456,12
7780076,11
7780708,13
7781332,19
7781960,12
7782592,15
7783208,22
7783840,11
7784468,15
7785088,16
7785716,14
7786344,12
7786972,13
7787604,12
7788224,14
7788852,13
7789476,12
7790104,11
7790732,10
7791352,12
7791984,12
7792608,14
7793236,14
7793864,11
7794488,15
7795120,13
7795752,19
7796368,19
7797000,17
7797624,12
7798256,15
7798884,20
7799504,26
7800136,20
7800760,12
7801384,20
7802016,24
7802636,24
7803264,15
7803892,26
7804516,37
7805148,23
7805772,16
7806404,37
7807036,44
7807656,23
7808292,10
7808916,12
7809544,33
7810172,31
7810792,12
7811424,16
7812048,26
7812672,29
7813304,18
7813920,14
7814552,28
7815184,41
7815800,58
7816432,38
7817056,17
7817688,21
7818316,39
7818936,40
7819568,31
7820192,20
7820816,12
7821444,15
7822064,34
7822696,39
7823320,21
7823948,12
7824580,10
7825200,22
7825832,17
7826460,12
7827080,22
7827712,21
7828336,18
7828968,23
7829596,20
7830216,13
7830848,26
7831476,19
7832100,18
7832732,17
7833352,23
7833988,25
7834612,24
7835236,21
7835868,12
7836492,11
7837124,12
7837756,21
7838376,27
7839008,25
7839636,31
7840264,32
7840892,31
7841512,24
7842144,21
7842768,15
7843392,33
7844024,37
7844640,24
7845272,21
7845900,21
7846520,14
7847152,16
7847776,14
7848408,18
7849036,12
7849656,11
7850284,17
7850912,19
7851536,19
7852168,64
7852784,75
7853420,67
7854044,35
7854668,12
7855300,36
7855920,65
7856552,85
7857184,70
7857808,33
7858440,15
7859068,26
7859700,19
7860332,10
7860952,13
7861584,13
7862208,41
7862836,45
7863468,28
7864088,19
7864720,12
7865348,12
7865968,15
7866596,27
7867224,21
7867852,12
7868484,12
7869104,21
7869736,18
7870360,15
7870984,28
7871616,16
7872232,12
7872864,23
7873488,11
7874112,18
7874744,30
7875360,30
7875988,16
7876620,12
7877240,17
7877868,19
7878496,17
7879124,12
7879756,14
7880376,15
7881004,13
7881628,22
7882252,19
7882884,10
7883504,20
7884136,25
7884760,20
7885384,13
7886016,11
7886632,11
7887264,12
7887896,11
7888512,11
7889144,12
7889768,13
7890396,12
7891028,10
7891648,11
7892276,11
7892904,11
7893528,11
7894160,11
7894776,13
7895408,13
7896032,13
7896656,21
7897288,48
7897904,61
7898536,61
7899164,32
7899784,13
7900416,49
7901040,59
7901672,23
7902300,21
7902920,45
7903552,42
7904180,17
7904804,25
7905436,44
7906056,87
7906688,95
7907312,45
7907936,21
7908564,11
7909192,12
7909824,15
7910452,41
7911072,45
7911704,17
7912328,18
7912956,16
7913588,14
7914208,16
7914840,18
7915464,17
7916088,10
7916720,23
7917340,22
7917972,18
7918604,14
7919224,13
7919856,11
7920480,11
7921112,13
7921744,14
7922360,11
7922992,11
7923620,15
7924244,30
7924876,22
7925496,10
7926128,18
7926752,15
7927376,15
7928008,11
7928624,13
7929256,19
7929888,23
7930504,40
7931136,53
7931764,15
7932396,48
7933028,54
7933648,28
7934280,12
7934904,18
7935532,24
7936164,14
7936784,17
7937412,20
7938036,13
7938664,12
7939292,10
7939916,11
7940548,12
7941180,13
7941800,13
7942432,12
7943056,17
7943684,19
7944316,16
7944936,14
7945568,12
7946192,11
7946820,18
7947448,20
7948072,12
7948704,12
7949332,12
7949952,12
7950584,15
7951208,19
7951840,16
7952468,13
7953088,27
7953720,28
7954344,29
7954968,24
7955600,10
7956216,20
7956848,17
7957472,22
7958100,17
7958728,24
7959352,29
7959984,17
7960616,16
7961236,15
7961868,14
7962492,19
7963124,19
7963752,14
7964376,21
7965008,28
7965632,35
7966256,17
7966888,12
7967504,17
7968136,18
7968760,12
7969384,19
7970016,18
7970640,12
7971272,12
7971900,11
7972520,11
7973152,13
7973776,13
7974408,12
7975036,10
7975656,11
7976288,11
7976916,15
7977540,16
7978172,12
7978792,13
7979424,14
7980056,11
7980680,11
7981312,14
7981940,15
7982572,20
7983204,10
7983824,10
7984456,16
7985084,19
7985708,21
7986340,17
7986964,13
7987596,12
7988220,35
7988844,38
7989472,18
7990100,10
7990728,13
7991360,27
7991980,29
7992612,18
7993236,11
7993864,15
7994496,14
7995112,17
7995744,14
7996372,12
7996996,11
7997628,12
7998248,14
7998880,13
7999512,30
8000132,61
8000760,73
8001384,65
8002012,60
8002640,16
8003264,59
8003892,72
8004516,84
8005140,90
8005768,72
8006388,41
8007016,21
8007640,24
8008268,27
8008896,12
8009512,14
8010144,17
8010772,20
8011392,35
8012024,30
8012648,21
8013276,16
8013908,18
8014528,32
8015156,47
8015784,29
8016408,12
8017036,10
8017656,21
8018284,73
8018908,51
8019532,29
8020164,27
8020784,11
8021412,11
8022044,10
8022664,16
8023296,30
8023920,31
8024548,26
8025180,18
8025800,15
8026428,35
8027052,49
8027680,53
8028308,30
8028928,14
8029556,18
8030180,12
8030804,26
8031436,32
8032056,18
8032684,28
8033316,41
8033936,46
8034564,45
8035188,25
8035820,11
8036452,20
8037072,25
8037704,29
8038328,15
8038952,13
8039580,11
8040200,13
8040828,11
8041452,11
8042076,14
8042708,16
8043332,29
8043960,15
8044592,16
8045212,14
8045840,21
8046464,40
8047092,55
8047724,27
8048344,97
8048972,90
8049596,75
8050220,49
8050852,22
8051472,15
8052100,49
8052724,45
8053348,14
8053980,12
8054604,16
8055236,34
8055868,89
8056488,108
8057168,88
8057792,33
8058416,11
8059044,19
8059664,41
8060296,47
8060920,44
8061544,17
8062176,40
8062800,19
8063428,13
8064060,12
8064680,21
8065308,53
8065932,83
8066560,80
8067192,56
8067812,16
8068440,32
8069064,51
8069688,63
8070316,73
8070936,66
8071564,43
8072192,12
8072816,28
8073444,12
8074072,35
8074700,45
8075332,72
8075952,15
8076584,13
8077208,13
8077832,21
8078464,16
8079080,13
8079712,17
8080336,15
8080960,21
8081588,10
8082208,47
8082836,83
8083468,91
8084088,74
8084720,21
8085340,47
8085972,113
8086656,108
8087324,53
8087952,24
8088584,11
8089200,14
8089832,18
8090456,20
8091084,21
8091716,34
8092336,26
8092964,13
8093588,11
8094216,23
8094844,31
8095464,11
8096096,29
8096716,68
8097344,92
8097972,64
8098592,25
8099220,39
8099852,110
8100524,122
8101200,34
8101824,11
8102448,13
8103076,12
8103696,17
8104328,16
8104952,13
8105576,11
8106208,10
8106832,11
8107464,11
8108096,10
8108712,13
8109344,11
8109972,11
8110600,17
8111228,28
8111848,33
8112480,31
8113104,59
8113728,80
8114360,91
8114976,56
8115608,21
8116240,30
8116860,78
8117488,132
8118168,141
8118844,51
8119472,16
8120088,29
8120720,27
8121348,17
8121968,11
8122600,16
8123224,22
8123852,14
8124484,12
8125104,12
8125736,11
8126360,10
8126984,10
8127616,13
8128236,11
8128868,15
8129492,30
8130116,52
8130748,52
8131368,51
8131996,12
8132628,11
8133248,17
8133880,14
8134504,11
8135132,18
8135764,51
8136384,35
8137016,16
8137640,29
8138264,14
8138896,43
8139512,57
8140144,56
8140772,36
8141400,11
8142028,38
8142648,45
8143280,28
8143908,12
8144528,18
8145160,21
8145784,29
8146416,29
8147044,14
8147664,30
8148296,56
8148920,20
8149544,18
8150176,28
8150800,35
8151432,33
8152060,31
8152688,18
8153320,37
8153944,61
8154576,63
8155204,38
8155824,11
8156456,27
8157080,29
8157704,19
8158336,19
8158956,44
8159588,48
8160216,18
8160840,16
8161468,11
8162088,15
8162716,13
8163348,18
8163968,27
8164600,27
8165224,35
8165856,33
8166484,13
8167104,11
8167736,11
8168360,15
8168984,11
8169612,13
8170232,12
8170864,27
8171488,25
8172116,15
8172748,10
8173368,10
8174000,13
8174632,14
8175252,25
8175884,12
8176508,27
8177140,37
8177772,44
8178392,28
8179024,31
8179648,97
8180276,87
8180908,33
8181528,10
8182160,26
8182792,19
8183412,10
8184044,12
8184668,11
8185300,22
8185932,44
8186552,39
8187184,25
8187812,46
8188436,31
8189072,13
8189692,19
8190324,38
8190948,33
8191576,15
8192208,14
8192828,16
8193456,17
8194084,24
8194700,39
8195332,99
8195952,103
8196632,50
8197260,43
8197880,131
8198560,125
8199232,24
8199848,37
8200476,40
8201096,28
8201728,13
8202356,39
8202976,49
8203604,27
8204224,11
8204848,13
8205476,10
8206096,21
8206724,27
8207344,12
8207968,25
8208600,39
8209220,39
8209852,13
8210480,27
8211096,22
8211728,25
8212352,16
8212980,16
8213608,28
8214224,15
8214856,17
8215480,21
8216100,19
8216732,12
8217352,13
8217980,21
8218604,24
8219228,19
8219856,15
8220472,13
8221104,12
8221732,14
8222352,20
8222980,12
8223604,11
8224236,11
8224864,26
8225480,17
8226108,28
8226732,41
8227356,44
8227984,34
8228604,12
8229232,24
8229856,28
8230480,18
8231108,22
8231728,35
8232356,19
8232988,13
8233608,23
8234236,20
8234860,15
8235488,26
8236116,13
8236736,25
8237364,43
8237988,19
8238612,15
8239244,13
8239864,24
8240492,61
8241116,22
8241740,23
8242372,20
8242992,36
8243624,47
8244252,34
8244872,17
8245500,26
8246124,57
8246752,16
8247380,36
8248000,47
8248628,23
8249252,20
8249876,39
8250504,47
8251120,36
8251752,27
8252376,67
8253000,46
8253628,14
8254248,35
8254876,43
8255508,62
8256128,44
8256756,27
8257380,15
8258008,11
8258636,14
8259256,11
8259884,24
8260508,37
8261132,34
8261760,24
8262376,16
8263008,17
8263632,20
8264256,23
8264884,27
8265504,29
8266132,19
8266764,12
8267384,18
8268012,18
8268636,12
8269268,12
8269900,12
8270520,19
8271148,16
8271776,12
8272400,19
8273028,14
8273648,19
8274276,14
8274900,11
8275524,20
8276152,40
8276776,32
8277404,25
8278036,12
8278656,28
8279284,50
8279908,53
8280540,29
8281168,13
8281792,35
8282420,39
8283044,24
8283668,16
8284300,12
8284920,19
8285548,16
8286172,54
8286796,107
8287480,44
8288096,40
8288724,28
8289356,18
8289976,12
8290604,13
8291228,11
8291852,27
8292484,42
8293104,38
8293736,18
8294360,15
8294984,15
8295612,28
8296232,15
8296860,13
8297492,16
8298112,53
8298740,55
8299364,28
8299996,10
8300624,12
8301248,11
8301876,11
8302500,12
8303128,11
8303756,12
8304376,18
8305004,16
8305628,10
8306252,14
8306884,27
8307504,29
8308132,13
8308764,11
8309384,41
8310016,43
8310640,29
8311268,17
8311900,10
8312520,15
8313148,17
8313776,11
8314400,11
8315032,10
8315648,11
8316276,11
8316904,11
8317528,11
8318156,12
8318776,11
8319408,12
8320036,12
8320652,11
8321280,13
8321904,14
8322532,11
8323164,14
8323784,15
8324412,16
8325036,13
8325660,11
8326288,17
8326912,35
8327540,23
8328164,13
8328788,19
8329416,18
8330036,12
8330664,20
8331292,34
8331912,30
8332540,12
8333164,29
8333796,34
8334428,24
8335048,14
8335676,16
8336300,12
8336924,32
8337556,34
8338176,27
8338804,16
8339428,12
8340052,32
8340684,47
8341304,13
8341932,33
8342564,19
8343184,12
8343816,29
8344440,55
8345068,59
8345700,24
8346320,13
8346948,13
8347572,10
8348196,10
8348824,13
8349440,20
8350072,23
8350696,25
8351320,12
8351952,18
8352568,26
8353200,15
8353828,19
8354448,28
8355076,21
8355704,11
8356332,11
8356964,11
8357584,16
8358212,18
8358836,20
8359460,30
8360092,44
8360712,45
8361340,39
8361964,25
8362588,12
8363216,32
8363832,43
8364464,65
8365092,58
8365712,31
8366340,11
8366964,9
8367544,10
8368172,12
8368792,11
8369420,14
8370044,11
8370676,21
8371304,24
8371928,25
8372556,27
8373180,22
8373804,16
8374436,30
8375056,47
8375684,55
8376308,62
8376936,40
8377564,18
8378188,13
8378820,31
8379452,41
8380072,44
8380700,47
8381328,27
8381956,14
8382588,36
8383208,37
8383840,13
8384464,11
8385088,27
8385716,20
8386336,12
8386964,13
8387596,16
8388216,14
8388844,13
8389468,12
8390100,13
8390732,14
8391352,22
8391984,12
8392608,21
8393232,33
8393864,31
8394480,14
8395112,12
8395736,17
8396364,17
8396992,18
8397616,13
8398244,41
8398872,28
8399496,12
8400124,12
8400748,12
8401376,14
8402008,15
8402624,11
8403252,12
8403876,14
8404500,22
8405128,33
8405744,35
8406376,24
8407000,14
8407624,13
8408252,17
8408872,13
8409500,16
8410132,34
8410752,49
8411380,50
8412004,49
8412636,25
8413264,20
8413888,17
8414516,11
8415140,20
8415768,18
8416396,15
8417016,12
8417644,11
8418268,15
8418892,13
8419524,12
8420144,13
8420772,12
8421404,14
8422024,15
8422656,15
8423276,15
8423908,10
8424536,16
8425160,25
8425788,34
8426412,33
8427036,29
8427668,18
8428288,14
8428916,35
8429540,63
8430164,63
8430796,38
8431416,14
8432048,17
8432676,17
8433296,15
8433924,13
8434548,15
8435180,18
8435812,16
8436432,21
8437064,18
8437688,19
8438312,13
8438944,35
8439560,48
8440188,31
8440816,13
8441436,24
8442068,12
8442692,11
8443324,15
8443952,12
8444576,27
8445204,35
8445832,16
8446460,27
8447092,38
8447712,47
8448344,29
8448964,19
8449588,63
8450220,58
8450840,20
8451468,17
8452092,35
8452720,28
8453348,12
8453972,11
8454604,31
8455232,23
8455852,21
8456480,47
8457104,31
8457732,20
8458364,34
8458984,15
8459612,11
8460236,25
8460860,48
8461492,37
8462112,16
8462740,21
8463372,20
8463992,12
8464624,11
8465248,11
8465876,10
8466508,14
8467128,14
8467760,16
8468384,13
8469008,24
8469636,32
8470256,22
8470888,21
8471512,13
8472136,20
8472768,22
8473384,32
8474016,23
8474644,14
8475264,12
8475892,11
8476520,12
8477148,13
8477780,26
8478400,29
8479028,13
8479656,16
8480280,17
8480908,32
8481528,18
8482156,20
8482780,23
8483404,13
8484032,11
8484656,21
8485284,34
8485916,18
8486536,12
8487164,14
8487788,21
8488420,27
8489048,28
8489672,12
8490300,26
8490924,32
8491548,48
8492180,51
8492800,37
8493428,22
8494052,14
8494680,16
8495308,32
8495928,46
8496560,38
8497188,27
8497808,29
8498440,18
8499064,34
8499696,39
8500324,50
8500944,31
8501572,11
8502200,21
8502824,14
8503452,25
8504072,22
8504700,17
8505324,29
8505952,22
8506580,13
8507204,24
8507836,38
8508468,34
8509088,12
8509720,21
8510344,21
8510976,18
8511604,11
8512224,28
8512852,25
8513476,11
8514100,13
8514732,10
8515352,13
8515984,11
8516612,13
8517232,17
8517864,15
8518488,15
8519116,13
8519748,14
8520368,14
8520996,11
8521620,17
8522244,24
8522872,11
8523496,21
8524124,19
8524752,17
8525376,15
8526004,14
8526624,21
8527252,29
8527884,22
8528504,16
8529132,16
8529756,25
8530388,19
8531016,10
8531640,17
8532268,19
8532892,29
8533516,23
8534148,12
8534768,22
8535396,16
8536024,15
8536644,12
8537276,26
8537896,36
8538524,28
8539156,18
8539776,15
8540408,11
8541028,12
8541660,12
8542292,16
8542912,11
8543540,17
8544168,41
8544788,46
8545420,30
8546040,13
8546668,11
8547292,12
8547916,13
8548548,14
8549168,19
8549796,22
8550428,12
8551048,20
8551676,51
8552300,54
8552932,29
8553564,16
8554184,14
8554816,14
8555440,24
8556064,14
8556696,14
8557312,23
8557944,17
8558568,22
8559192,36
8559824,44
8560444,23
8561072,19
8561700,43
8562320,51
8562948,38
8563576,11
8564204,23
8564832,30
8565456,47
8566084,19
8566708,25
8567332,42
8567964,16
8568584,11
8569212,19
8569840,19
8570464,12
8571092,19
8571720,41
8572348,43
8572980,14
8573600,23
8574228,41
8574856,45
8575488,51
8576116,48
8576736,21
8577364,15
8577988,40
8578612,76
8579244,56
8579864,15
8580492,13
8581116,13
8581744,36
8582376,38
8583000,15
8583628,35
8584260,24
8584880,23
8585508,23
8586136,14
8586760,13
8587392,11
8588008,13
8588636,14
8589264,13
8589888,14
8590520,13
8591136,12
8591768,11
8592396,11
8593016,12
8593648,11
8594272,11
8594900,12
8595532,12
8596152,16
8596784,13
8597408,11
8598032,11
8598664,10
8599284,10
8599912,13
8600540,15
8601164,13
8601796,12
8602416,12
8603044,13
8603672,22
8604292,25
8604920,21
8605544,13
8606172,13
8606804,22
8607424,33
8608052,19
8608676,11
8609300,13
8609928,11
8610544,11
8611176,12
8611800,13
8612424,19
8613052,23
8613672,23
8614304,13
8614932,11
8615552,12
8616184,13
8616808,16
8617436,19
8618068,18
8618688,18
8619320,24
8619944,21
8620568,12
8621200,12
8621816,13
8622448,13
8623072,17
8623696,17
8624324,16
8624944,17
8625572,34
8626204,43
8626824,35
8627456,26
8628080,12
8628708,22
8629340,36
8629960,42
8630588,33
8631216,25
8631840,22
8632472,17
8633088,11
8633720,11
8634344,17
8634968,14
8635600,11
8636216,14
8636848,12
8637476,12
8638096,36
8638728,64
8639352,78
8639984,27
8640616,33
8641236,46
8641864,44
8642488,16
8643112,59
8643744,67
8644360,27
8644988,69
8645612,116
8646288,145
8646964,126
8647636,74
8648256,47
8648884,27
8649504,25
8650132,14
8650764,14
8651384,15
8652016,15
8652640,16
8653268,24
8653900,26
8654520,18
8655148,20
8655776,22
8656400,25
8657028,11
8657648,11
8658276,24
8658900,25
8659528,13
8660156,14
8660776,13
8661408,24
8662036,28
8662656,15
8663288,29
8663908,33
8664540,18
8665172,14
8665792,33
8666420,27
8667044,12
8667668,11
8668300,18
8668920,21
8669548,13
8670176,12
8670800,15
8671428,13
8672048,17
8672676,24
8673308,30
8673928,25
8674556,16
8675184,15
8675816,11
8676448,21
8677064,27
8677696,27
8678320,35
8678944,31
8679576,37
8680196,22
8680824,15
8681452,37
8682076,33
8682708,50
8683332,54
8683964,35
8684592,26
8685216,17
8685844,11
8686468,17
8687100,14
8687732,24
8688352,16
8688980,17
8689604,11
8690228,17
8690860,18
8691480,15
8692108,15
8692736,11
8693360,28
8693992,27
8694616,19
8695244,27
8695876,43
8696496,26
8697124,20
8697752,24
8698376,13
8699008,16
8699624,11
8700256,11
8700880,11
8701504,11
8702136,10
8702756,14
8703388,17
8704020,22
8704636,22
8705268,34
8705892,30
8706520,18
8707152,12
8707768,10
8708400,18
8709024,21
8709648,15
8710276,11
8710896,14
8711524,21
8712152,21
8712776,24
8713404,11
8714024,29
8714656,35
8715284,18
8715904,14
8716536,13
8717160,11
8717788,10
8718420,23
8719040,52
8719672,61
8720296,40
8720920,15
8721548,46
8722168,77
8722796,73
8723424,33
8724048,15
8724676,20
8725296,13
8725924,12
8726556,12
8727176,16
8727808,15
8728432,12
8729060,14
8729692,12
8730312,11
8730940,11
8731564,11
8732192,16
8732820,29
8733440,33
8734068,15
8734696,11
8735320,37
8735952,63
8736568,52
8737200,19
8737828,20
8738448,45
8739076,91
8739704,87
8740332,46
8740964,21
8741584,16
8742216,18
8742840,28
8743464,23
8744096,21
8744712,26
8745344,15
8745968,34
8746592,53
8747224,14
8747848,31
8748476,13
8749108,26
8749728,23
8750360,25
8750984,15
8751616,11
8752248,12
8752864,17
8753496,16
8754120,11
8754744,12
8755376,10
8755992,18
8756624,18
8757256,44
8757872,49
8758504,38
8759128,19
8759760,20
8760392,49
8761008,60
8761640,65
8762264,55
8762888,20
8763516,12
8764136,16
8764768,24
8765392,35
8766020,51
8766652,40
8767272,17
8767904,12
8768536,29
8769152,38
8769784,24
8770404,35
8771036,21
8771668,11
8772288,15
8772916,14
8773544,23
8774168,20
8774800,13
8775416,15
8776048,19
8776672,18
8777296,41
8777928,38
8778544,44
8779176,35
8779808,12
8780428,33
8781060,26
8781684,14
8782312,12
8782944,14
8783564,16
8784196,21
8784820,12
8785444,12
8786076,14
8786696,17
8787328,12
8787952,23
8788576,29
8789208,23
8789832,15
8790464,12
8791092,10
8791712,13
8792344,13
8792968,13
8793600,11
8794228,11
8794848,16
8795480,29
8796104,21
8796732,11
8797364,11
8797984,10
8798616,19
8799248,17
8799872,16
8800508,22
8801132,18
8801760,39
8802392,44
8803012,21
8803644,13
8804268,25
8804892,27
8805524,19
8806144,13
8806776,14
8807400,19
8808024,13
8808652,10
8809272,13
8809900,14
8810532,14
8811152,15
8811784,15
8812408,12
8813036,13
8813668,36
8814288,59
8814916,50
8815544,39
8816168,14
8816796,64
8817416,103
8818096,29
8818724,21
8819344,30
8819972,35
8820600,44
8821228,16
8821860,54
8822480,24
8823108,11
8823736,35
8824360,45
8824988,35
8825608,34
8826236,14
8826864,12
8827488,11
8828120,16
8828744,13
8829376,18
8830004,35
8830624,45
8831256,54
8831880,43
8832512,43
8833140,48
8833760,27
8834388,13
8835016,25
8835640,13
8836268,11
8836888,17
8837516,47
8838144,70
8838768,77
8839400,59
8840024,33
8840652,15
8841284,10
8841904,11
8842536,11
8843160,11
8843784,13
8844416,13
8845032,12
8845664,13
8846288,15
8846912,20
8847544,11
8848160,19
8848788,23
8849420,28
8850040,49
8850668,33
8851292,52
8851924,49
8852552,41
8853176,17
8853804,29
8854428,59
8855052,91
8855684,59
8856304,34
8856936,30
8857560,27
8858184,15
8858812,23
8859432,37
8860064,25
8860692,23
8861312,31
8861944,15
8862568,51
8863196,63
8863828,62
8864448,45
8865076,43
8865700,129
8866376,118
8867060,59
8867680,12
8868308,16
8868940,25
8869560,26
8870192,20
8870816,22
8871440,25
8872068,39
8872688,39
8873320,14
8873944,21
8874568,50
8875196,52
8875816,34
8876448,37
8877080,61
8877700,47
8878328,35
8878956,40
8879584,40
8880216,36
8880840,43
8881468,39
8882096,14
8882720,20
8883348,48
8883968,54
8884600,31
8885224,17
8885848,12
8886476,11
8887096,14
8887728,11
8888356,19
8888976,26
8889604,21
8890228,12
8890860,14
8891492,36
8892112,20
8892744,26
8893368,26
8893992,13
8894624,11
8895244,12
8895872,30
8896500,48
8897124,39
8897756,29
8898380,13
8899012,35
8899640,30
8900264,15
8900896,13
8901520,11
8902148,11
8902780,27
8903400,29
8904032,23
8904656,28
8905280,11
8905912,14
8906528,11
8907160,12
8907792,13
8908412,14
8909044,21
8909668,17
8910296,36
8910928,45
8911548,12
8912180,27
8912804,45
8913428,45
8914060,28
8914680,27
8915312,21
8915936,19
8916560,37
8917192,21
8917808,20
8918440,18
8919072,14
8919692,12
8920324,15
8920948,13
8921580,12
8922212,32
8922832,51
8923464,45
8924088,12
8924712,28
8925344,12
8925964,14
8926596,12
8927220,19
8927844,25
8928476,20
8929104,13
8929736,14
8930364,11
8930984,19
8931616,27
8932240,28
8932872,27
8933500,11
8934120,45
8934752,31
8935376,14
8936004,15
8936632,13
8937252,12
8937884,15
8938516,16
8939136,13
8939768,23
8940396,31
8941024,34
8941656,49
8942276,41
8942908,15
8943532,19
8944160,25
8944788,93
8945408,71
8946040,15
8946664,21
8947288,18
8947920,11
8948540,12
8949172,24
8949804,11
8950424,32
8951056,27
8951680,25
8952312,25
8952944,22
8953564,13
8954196,19
8954824,19
8955448,11
8956080,22
8956700,35
8957332,21
8957964,10
8958584,12
8959220,21
8959844,19
8960480,15
8961108,14
8961728,19
8962356,35
8962980,42
8963604,29
8964236,18
8964856,59
8965484,105
8966168,97
8966784,19
8967412,40
8968036,37
8968668,31
8969300,23
8969920,16
8970548,13
8971176,11
8971800,12
8972428,11
8973048,15
8973676,11
8974300,12
8974928,13
8975556,11
8976176,13
8976804,16
8977436,18
8978056,15
8978684,13
8979312,15
8979940,15
8980572,10
8981192,28
8981824,33
8982448,15
8983072,12
8983700,13
8984320,13
8984948,12
8985576,12
8986200,12
8986832,12
8987452,13
8988080,13
8988712,13
8989332,12
8989964,10
8990588,11
8991220,24
8991852,34
8992472,37
8993104,25
8993728,13
8994352,33
8994984,35
8995600,16
8996232,13
8996856,21
8997480,43
8998112,40
8998736,29
8999368,21
8999996,14
9000616,40
9001248,45
9001876,27
9002504,22
9003136,51
9003756,57
9004388,29
9005012,12
9005636,22
9006268,18
9006888,15
9007520,36
9008152,31
9008768,12
9009400,11
9010024,12
9010656,13
9011288,12
9011904,13
9012532,11
9013156,12
9013780,10
9014408,10
9015032,11
9015660,12
9016288,27
9016912,40
9017540,25
9018160,11
9018788,17
9019420,22
9020040,21
9020668,13
9021296,13
9021924,32
9022556,42
9023176,55
9023808,45
9024432,26
9025056,15
9025684,35
9026304,49
9026932,51
9027560,31
9028184,22
9028812,34
9029432,17
9030064,11
9030692,18
9031312,15
9031944,9
9032516,10
9033148,17
9033780,16
9034400,15
9035028,13
9035656,23
9036284,19
9036916,12
9037536,25
9038164,30
9038792,40
9039416,47
9040044,34
9040664,13
9041292,52
9041916,92
9042544,79
9043176,40
9043800,36
9044432,29
9045060,11
9045680,15
9046312,15
9046936,11
9047560,11
9048192,14
9048808,12
9049440,11
9050064,11
9050688,14
9051320,16
9051936,17
9052568,21
9053196,18
9053816,13
9054448,17
9055072,39
9055700,17
9056332,16
9056952,36
9057584,44
9058208,26
9058832,12
9059464,27
9060080,30
9060712,40
9061336,33
9061960,15
9062592,26
9063208,38
9063840,28
9064468,11
9065088,20
9065716,23
9066344,27
9066972,11
9067604,23
9068224,15
9068856,17
9069480,33
9070104,31
9070732,24
9071352,24
9071984,21
9072608,15
9073236,11
9073868,14
9074488,18
9075120,21
9075752,25
9076368,29
9077000,40
9077624,41
9078256,42
9078884,29
9079504,14
9080136,22
9080760,38
9081384,46
9082016,11
9082636,30
9083268,18
9083892,18
9084516,50
9085148,80
9085772,108
9086456,69
9087080,20
9087704,15
9088336,12
9088960,16
9089584,11
9090216,12
9090836,14
9091468,14
9092092,10
9092720,12
9093352,18
9093976,25
9094608,27
9095236,20
9095856,16
9096488,13
9097112,11
9097736,17
9098368,24
9098984,23
9099616,18
9100240,11
9100864,23
9101492,39
9102112,21
9102744,12
9103372,12
9103992,11
9104624,19
9105248,22
9105880,20
9106512,13
9107128,25
9107760,28
9108388,21
9109012,14
9109644,13
9110264,12
9110896,26
9111520,27
9112148,15
9112780,12
9113400,21
9114036,34
9114664,18
9115288,18
9115920,28
9116544,35
9117176,32
9117808,11
9118424,16
9119056,11
9119680,14
9120304,16
9120936,14
9121552,15
9122184,33
9122808,49
9123432,39
9124064,29
9124688,32
9125316,36
9125948,11
9126568,34
9127196,43
9127824,29
9128456,17
9129084,53
9129704,73
9130336,53
9130960,33
9131584,12
9132216,12
9132836,14
9133464,11
9134096,10
9134716,10
9135348,12
9135972,14
9136604,13
9137236,12
9137856,14
9138488,14
9139112,12
9139736,14
9140368,11
9140992,18
9141624,13
9142248,30
9142872,43
9143504,29
9144124,25
9144756,13
9145388,26
9146008,57
9146640,49
9147264,13
9147896,26
9148528,36
9149148,14
9149776,21
9150404,52
9151028,60
9151660,38
9152284,15
9152912,12
9153544,11
9154168,12
9154800,12
9155424,15
9156056,11
9156684,16
9157304,28
9157936,34
9158560,32
9159188,29
9159820,22
9160440,14
9161072,15
9161696,12
9162324,16
9162956,12
9163576,38
9164208,29
9164840,17
9165464,20
9166096,21
9166720,24
9167352,20
9167984,21
9168604,17
9169236,12
9169860,12
9170488,13
9171120,28
9171740,27
9172372,16
9173004,14
9173624,16
9174256,15
9174884,12
9175516,12
9176148,12
9176768,13
9177400,14
9178024,21
9178648,26
9179276,12
9179896,21
9180528,11
9181152,14
9181776,48
9182408,47
9183024,10
9183656,37
9184288,37
9184904,25
9185536,19
9186160,48
9186792,40
9187420,25
9188040,17
9188668,17
9189296,14
9189920,14
9190552,11
9191168,12
9191800,15
9192428,14
9193052,12
9193684,12
9194308,17
9194940,29
9195572,26
9196192,27
9196824,15
9197448,14
9198080,37
9198708,33
9199328,22
9199960,19
9200588,18
9201212,19
9201844,20
9202464,11
9203096,37
9203728,64
9204344,56
9204976,21
9205600,19
9206232,47
9206864,73
9207480,46
9208112,18
9208736,12
9209360,15
9209992,19
9210612,13
9211240,14
9211868,15
9212492,14
9213124,14
9213744,16
9214376,11
9215012,12
9215636,14
9216268,11
9216888,11
9217520,11
9218148,12
9218768,20
9219396,27
9220020,30
9220644,24
9221272,25
9221896,19
9222524,17
9223148,34
9223772,52
9224404,38
9225028,11
9225656,23
9226284,24
9226904,14
9227532,30
9228156,38
9228788,21
9229420,12
9230040,11
9230668,12
9231296,23
9231920,16
9232548,27
9233168,19
9233800,11
9234424,11
9235048,18
9235676,23
9236304,31
9236932,39
9237564,36
9238184,14
9238816,25
9239440,23
9240068,11
9240700,16
9241320,11
9241952,13
9242576,11
9243196,17
9243828,24
9244448,27
9245076,34
9245708,24
9246328,22
9246960,53
9247584,59
9248216,65
9248844,46
9249464,34
9250092,21
9250716,17
9251344,21
9251972,13
9252592,15
9253224,16
9253848,17
9254472,14
9255100,16
9255720,12
9256352,11
9256980,13
9257600,16
9258228,15
9258852,18
9259484,12
9260116,12
9260736,16
9261368,15
9261992,14
9262616,13
9263248,13
9263864,11
9264496,13
9265120,15
9265744,11
9266376,13
9266992,14
9267624,16
9268256,11
9268872,11
9269504,13
9270128,18
9270760,30
9271388,33
9272008,28
9272636,30
9273264,36
9273888,19
9274520,22
9275136,30
9275768,30
9276392,60
9277016,65
9277648,36
9278272,21
9278904,12
9279536,21
9280152,12
9280784,12
9281408,15
9282036,14
9282668,16
9283288,15
9283916,11
9284540,11
9285164,20
9285796,19
9286416,16
9287044,18
9287668,26
9288292,23
9288924,11
9289548,15
9290180,10
9290812,14
9291432,13
9292064,25
9292688,27
9293320,23
9293948,23
9294568,25
9295196,15
9295824,12
9296448,15
9297076,10
9297696,12
9298328,11
9298956,11
9299576,11
9300204,19
9300832,16
9301460,11
9302092,10
9302712,12
9303344,12
9303968,12
9304592,11
9305224,13
9305840,13
9306472,11
9307096,12
9307720,13
9308352,16
9308968,16
9309600,13
9310232,12
9310848,19
9311480,23
9312108,22
9312736,15
9313368,19
9313988,37
9314620,39
9315244,32
9315868,27
9316500,12
9317120,13
9317752,25
9318376,12
9319004,12
9319636,29
9320260,48
9320892,46
9321520,47
9322144,50
9322776,43
9323400,55
9324032,21
9324660,24
9325280,46
9325912,29
9326536,13
9327160,27
9327792,22
9328412,12
9329040,29
9329672,39
9330292,22
9330924,21
9331548,12
9332180,33
9332812,60
9333432,47
9334064,17
9334688,11
9335312,13
9335944,12
9336564,13
9337196,21
9337820,35
9338448,34
9339080,11
9339696,12
9340328,14
9340956,14
9341576,17
9342208,17
9342832,13
9343464,15
9344096,15
9344712,13
9345340,12
9345964,13
9346592,15
9347220,14
9347840,15
9348468,16
9349096,13
9349720,11
9350352,10
9350968,11
9351600,11
9352232,11
9352848,11
9353480,12
9354104,12
9354736,12
9355364,11
9355984,11
9356616,11
9357240,11
9357864,13
9358496,17
9359112,15
9359744,14
9360372,15
9360996,13
9361628,12
9362252,18
9362880,20
9363512,37
9364132,59
9364764,63
9365388,63
9366020,43
9366648,16
9367272,53
9367904,60
9368528,35
9369152,20
9369784,19
9370400,28
9371028,41
9371660,34
9372280,12
9372912,15
9373536,25
9374168,31
9374796,40
9375416,47
9376048,51
9376672,38
9377296,19
9377928,31
9378544,48
9379176,43
9379800,19
9380428,20
9381056,34
9381680,15
9382312,18
9382944,11
9383560,23
9384192,26
9384816,17
9385448,12
9386076,22
9386696,25
9387328,15
9387952,11
9388576,14
9389208,12
9389832,12
9390464,12
9391088,11
9391712,11
9392344,13
9392968,14
9393600,13
9394228,11
9394848,13
9395480,15
9396108,12
9396736,10
9397368,14
9397992,22
9398624,22
9399252,14
9399876,17
9400508,19
9401128,25
9401760,14
9402388,13
9403008,13
9403640,12
9404264,12
9404896,13
9405528,12
9406144,10
9406776,11
9407404,13
9408028,11
9408660,12
9409280,20
9409912,21
9410536,15
9411160,11
9411792,11
9412420,18
9413052,16
9413684,11
9414304,11
9414936,12
9415564,12
9416196,14
9416828,12
9417448,10
9418080,10
9418708,13
9419336,13
9419968,12
9420588,12
9421220,11
9421852,10
9422472,15
9423100,19
9423728,16
9424360,32
9424988,47
9425608,29
9426236,17
9426864,20
9427488,14
9428120,16
9428736,15
9429368,26
9429992,21
9430616,31
9431248,67
9431868,77
9432500,19
9433132,22
9433752,19
9434384,14
9435008,14
9435640,28
9436272,47
9436888,25
9437520,14
9438144,14
9438768,30
9439400,44
9440020,19
9440652,16
9441276,30
9441904,44
9442536,59
9443160,34
9443792,35
9444424,50
9445040,48
9445672,30
9446296,12
9446920,13
9447552,11
9448172,10
9448800,11
9449424,12
9450052,16
9450684,12
9451304,15
9451936,14
9452568,11
9453184,11
9453816,13
9454444,14
9455072,16
9455704,21
9456328,25
9456960,36
9457584,37
9458208,24
9458840,23
9459460,37
9460092,25
9460716,15
9461344,25
9461976,42
9462600,61
9463232,57
9463860,37
9464480,15
9465112,16
9465736,20
9466368,18
9467000,20
9467620,12
9468252,11
9468876,15
9469500,12
9470132,26
9470752,26
9471384,13
9472020,17
9472640,17
9473268,11
9473896,11
9474524,11
9475156,17
9475776,11
9476408,12
9477032,12
9477656,12
9478288,11
9478904,16
9479536,15
9480164,10
9480788,13
9481420,19
9482040,18
9482672,12
9483304,13
9483920,11
9484552,13
9485176,19
9485808,16
9486436,15
9487056,22
9487688,21
9488312,20
9488936,18
9489568,15
9490188,10
9490816,15
9491444,17
9492068,18
9492700,12
9493324,11
9493956,13
9494588,13
9495208,12
9495840,12
9496464,18
9497096,19
9497728,13
9498348,18
9498976,21
9499604,12
9500228,25
9500860,22
9501480,21
9502112,24
9502744,27
9503364,16
9503992,11
9504616,15
9505248,14
9505880,10
9506496,11
9507128,11
9507752,10
9508380,15
9509012,17
9509632,13
9510264,15
9510888,18
9511516,28
9512148,40
9512772,54
9513404,54
9514036,38
9514656,23
9515288,77
9515916,112
9516600,52
9517224,20
9517844,39
9518476,21
9519100,12
9519732,31
9520364,28
9520988,14
9521620,16
9522248,27
9522872,35
9523504,24
9524128,21
9524752,11
9525384,15
9526000,16
9526632,12
9527256,13
9527880,12
9528512,12
9529128,16
9529760,12
9530392,11
9531012,10
9531644,10
9532268,13
9532900,21
9533532,19
9534152,15
9534784,11
9535408,16
9536036,21
9536664,19
9537284,13
9537912,11
9538540,14
9539164,15
9539796,21
9540424,28
9541056,26
9541688,15
9542308,16
9542940,25
9543564,14
9544196,12
9544828,12
9545448,12
9546080,12
9546704,15
9547328,18
9547960,12
9548580,13
9549212,12
9549844,10
9550464,11
9551096,11
9551720,11
9552352,12
9552984,13
9553600,12
9554232,13
9554860,11
9555484,15
9556116,15
9556736,14
9557368,15
9557996,35
9558620,18
9559252,33
9559880,41
9560512,20
9561144,12
9561764,21
9562396,16
9563020,26
9563652,24
9564284,19
9564904,14
9565536,35
9566160,62
9566784,48
9567416,33
9568044,30
9568672,33
9569304,27
9569924,14
9570552,12
9571180,11
9571812,10
9572444,10
9573064,25
9573700,51
9574324,57
9574952,71
9575584,67
9576204,36
9576836,22
9577460,64
9578088,79
9578720,74
9579344,53
9579976,22
9580608,14
9581236,19
9581868,11
9582492,10
9583120,12
9583752,12
9584372,11
9585004,11
9585628,11
9586256,14
9586888,17
9587508,17
9588140,13
9588772,10
9589392,33
9590028,48
9590652,20
9591284,20
9591916,34
9592540,15
9593172,16
9593796,14
9594424,19
9595056,28
9595676,27
9596308,17
9596940,12
9597560,11
9598196,13
9598820,13
9599456,13
9600088,12
9600704,11
9601332,10
9601956,13
9602580,15
9603212,12
9603832,12
9604464,11
9605088,12
9605712,10
9606340,11
9606960,10
9607588,11
9608220,12
9608840,17
9609468,13
9610096,15
9610724,18
9611356,14
9611976,12
9612608,23
9613232,27
9613856,27
9614488,26
9615104,20
9615736,12
9616360,27
9616984,21
9617612,39
9618232,52
9618864,17
9619496,29
9620112,40
9620744,37
9621368,12
9622000,40
9622628,70
9623248,56
9623880,28
9624504,11
9625132,13
9625764,14
9626384,11
9627012,12
9627636,20
9628260,18
9628892,18
9629516,12
9630148,14
9630776,15
9631400,24
9632032,35
9632652,40
9633284,36
9633912,12
9634536,42
9635168,72
9635792,47
9636416,20
9637044,13
9637664,11
9638296,10
9638924,11
9639544,11
9640176,11
9640800,11
9641428,11
9642060,12
9642680,13
9643312,12
9643936,12
9644560,13
9645192,11
9645808,11
9646440,10
9647064,11
9647688,11
9648320,11
9648936,10
9649568,12
9650196,10
9650816,10
9651448,11
9652072,12
9652704,13
9653332,13
9653952,15
9654584,11
9655208,24
9655832,37
9656464,39
9657084,38
9657712,28
9658340,17
9658964,18
9659596,41
9660216,45
9660848,42
9661480,36
9662096,21
9662728,11
9663352,11
9663984,12
9664616,20
9665236,16
9665868,17
9666492,11
9667116,28
9667748,26
9668368,14
9669000,15
9669624,13
9670248,11
9670880,14
9671504,37
9672136,28
9672764,10
9673384,11
9674016,14
9674640,13
9675272,12
9675900,15
9676520,20
9677152,16
9677776,12
9678404,12
9679032,12
9679652,10
9680284,11
9680912,22
9681536,25
9682168,16
9682792,23
9683420,29
9684052,14
9684672,13
9685304,23
9685928,18
9686552,13
9687184,20
9687800,20
9688432,25
9689056,19
9689680,10
9690308,13
9690928,13
9691560,27
9692188,34
9692808,37
9693436,28
9694064,13
9694696,18
9695328,22
9695948,22
9696580,13
9697204,27
9697828,26
9698460,12
9699080,42
9699712,26
9700336,16
9700960,13
9701592,13
9702216,17
9702848,40
9703480,60
9704100,42
9704732,12
9705356,17
9705988,18
9706620,11
9707240,16
9707872,30
9708496,33
9709120,25
9709752,17
9710372,20
9711004,13
9711636,14
9712256,15
9712888,13
9713516,22
9714148,46
9714780,42
9715400,21
9716032,21
9716660,12
9717284,10
9717916,10
9718536,15
9719168,16
9719796,27
9720420,25
9721052,11
9721680,11
9722312,12
9722944,14
9723564,12
9724192,11
9724820,13
9725448,11
9726080,26
9726700,25
9727332,23
9727960,13
9728588,46
9729216,29
9729836,12
9730464,14
9731096,11
9731716,11
9732348,11
9732972,10
9733604,11
9734232,13
9734856,19
9735488,21
9736112,30
9736736,21
9737368,14
9737984,11
9738616,11
9739244,10
9739868,38
9740500,49
9741124,24
9741756,24
9742388,21
9743008,14
9743640,11
9744268,14
9744896,24
9745528,30
9746148,28
9746780,21
9747404,12
9748032,16
9748664,39
9749280,48
9749912,27
9750544,11
9751160,11
9751792,13
9752420,16
9753052,14
9753684,12
9754304,19
9754936,18
9755560,12
9756184,25
9756816,55
9757432,59
9758064,51
9758692,33
9759320,23
9759948,70
9760572,69
9761200,29
9761832,14
9762448,13
9763080,11
9763704,11
9764336,14
9764964,11
9765584,17
9766216,11
9766840,11
9767464,16
9768096,14
9768712,14
9769344,25
9769968,22
9770592,15
9771224,27
9771848,32
9772480,22
9773108,16
9773728,17
9774360,17
9774984,14
9775616,11
9776248,12
9776864,12
9777496,13
9778120,12
9778748,14
9779380,12
9780000,11
9780628,10
9781260,10
9781880,14
9782512,27
9783136,25
9783768,12
9784400,11
9785016,24
9785648,18
9786272,21
9786896,15
9787528,18
9788144,17
9788780,14
9789404,26
9790032,28
9790664,17
9791284,11
9791916,18
9792548,48
9793168,43
9793800,21
9794424,13
9795056,24
9795688,31
9796304,27
9796936,13
9797560,12
9798188,22
9798820,47
9799440,27
9800072,15
9800696,20
9801320,21
9801952,12
9802576,21
9803208,23
9803840,13
9804460,11
9805092,14
9805716,17
9806344,23
9806976,29
9807596,35
9808228,23
9808852,11
9809476,37
9810108,26
9810728,12
9811360,15
9811988,22
9812608,43
9813240,51
9813868,49
9814500,21
9815132,20
9815752,20
9816384,11
9817012,20
9817636,24
9818268,12
9818888,17
9819520,19
9820144,18
9820772,17
9821404,13
9822032,13
9822664,11
9823296,13
9823916,23
9824548,28
9825176,14
9825804,12
9826432,14
9827056,12
9827692,16
9828316,17
9828944,12
9829576,12
9830196,15
9830832,15
9831460,11
9832080,11
9832708,19
9833332,15
9833964,14
9834592,13
9835212,13
9835840,11
9836464,17
9837088,18
9837716,11
9838336,11
9838968,9
9839540,10
9840168,21
9840796,30
9841416,36
9842044,29
9842668,12
9843292,34
9843924,48
9844548,44
9845176,22
9845808,13
9846424,23
9847056,28
9847680,23
9848308,13
9848940,34
9849560,40
9850192,21
9850816,12
9851440,12
9852068,12
9852688,15
9853320,13
9853944,13
9854568,25
9855200,18
9855824,11
9856456,13
9857084,18
9857704,29
9858332,28
9858956,29
9859588,13
9860220,44
9860840,35
9861468,21
9862092,19
9862716,11
9863348,22
9863968,32
9864600,34
9865228,16
9865848,24
9866476,35
9867104,28
9867732,30
9868364,12
9868984,11
9869612,16
9870236,25
9870864,33
9871496,40
9872112,32
9872740,12
9873364,11
9873992,18
9874620,16
9875240,11
9875868,11
9876500,22
9877120,48
9877748,46
9878376,32
9879008,13
9879640,36
9880256,53
9880888,53
9881512,21
9882136,11
9882768,13
9883384,16
9884016,13
9884640,13
9885264,14
9885896,11
9886512,12
9887144,20
9887776,23
9888392,19
9889024,17
9889648,11
9890276,10
9890908,11
9891528,11
9892160,25
9892784,35
9893408,28
9894040,14
9894656,12
9895288,18
9895912,33
9896536,30
9897168,15
9897788,10
9898416,14
9899048,12
9899668,10
9900296,16
9900924,18
9901556,12
9902188,10
9902808,17
9903440,16
9904064,12
9904688,11
9905320,18
9905936,25
9906568,32
9907192,37
9907820,37
9908452,23
9909076,23
9909708,21
9910340,48
9910960,53
9911592,40
9912220,21
9912848,21
9913476,16
9914096,34
9914728,39
9915352,49
9915976,46
9916608,18
9917232,47
9917864,77
9918496,44
9919120,36
9919752,53
9920380,45
9921008,35
9921636,16
9922256,20
9922888,25
9923508,21
9924136,14
9924764,11
9925384,11
9926016,11
9926640,13
9927264,13
9927896,13
9928520,12
9929148,19
9929780,18
9930400,22
9931028,14
9931656,14
9932288,13
9932920,10
9933536,11
9934164,12
9934792,11
9935416,12
9936044,11
9936664,14
9937292,19
9937916,14
9938544,13
9939176,14
9939800,11
9940432,17
9941064,26
9941680,23
9942312,13
9942936,27
9943564,25
9944196,18
9944816,11
9945448,21
9946072,31
9946696,13
9947328,11
9947944,10
9948576,11
9949208,18
9949828,27
9950460,14
9951084,11
9951716,14
9952348,22
9952968,17
9953600,18
9954224,42
9954848,44
9955476,31
9956096,35
9956728,24
9957352,16
9957976,21
9958608,36
9959232,44
9959864,41
9960492,39
9961112,37
9961744,26
9962368,15
9963000,11
9963628,12
9964248,13
9964880,28
9965504,39
9966128,20
9966760,12
9967376,17
9968008,23
9968632,26
9969256,30
9969888,14
9970512,16
9971144,13
9971776,10
9972396,14
9973028,12
9973652,17
9974280,24
9974912,16
9975532,12
9976164,15
9976788,21
9977412,22
9978044,15
9978664,13
9979296,38
9979928,41
9980548,27
9981180,11
9981808,35
9982440,43
9983072,35
9983692,23
9984324,18
9984948,11
9985572,11
9986204,18
9986824,15
9987456,11
9988080,11
9988704,11
9989336,13
9989960,12
9990592,11
9991224,11
9991840,11
9992472,11
9993096,17
9993728,19
9994360,26
9994976,35
9995608,21
9996232,23
9996856,29
9997484,11
9998104,31
9998736,37
9999364,18
9999984,13
10000616,35
10001284,64
10001960,35
10002640,11
10003316,12
10003992,12
10004676,12
10005348,22
10006028,20
10006704,18
10007380,11
10008060,22
10008736,40
10009412,42
10010092,16
10010768,20
10011444,27
10012124,23
10012804,17
10013476,10
10014156,10
10014836,9
10015456,11
10016140,10
10016816,10
10017492,10
10018168,11
10018852,12
10019524,18
10020204,16
10020880,12
10021556,10
10022236,12
10022908,11
10023588,12
10024268,12
10024940,12
10025612,11
10026288,12
10026964,14
10027636,11
10028316,12
10028988,11
10029660,10
10030340,10
10031012,13
10031684,10
10032364,10
10033036,14
10033716,19
10034396,15
10035068,12
10035748,13
10036424,13
10037100,12
10037780,13
10038456,16
10039132,11
10039812,10
10040492,13
10041164,12
10041844,32
10042520,52
10043196,34
10043876,20
10044556,17
10045228,48
10045908,54
10046588,31
10047260,20
10047940,46
10048620,43
10049292,35
10049968,12
10050652,22
10051324,30
10052004,19
10052680,31
10053356,56
10054036,66
10054716,31
10055388,13
10056068,23
10056744,16
10057420,11
10058100,26
10058780,26
10059452,12
10060132,16
10060812,12
10061484,12
10062164,12
10062836,10
10063508,14
10064188,12
10064860,10
10065532,14
10066212,21
10066884,28
10067556,20
10068236,13
10068908,12
10069580,24
10070260,30
10070932,25
10071612,14
10072292,11
10072964,16
10073644,26
10074324,20
10074996,17
10075676,14
10076356,45
10077028,52
10077708,34
10078388,13
10079060,26
10079740,26
10080420,17
10081092,12
10081772,12
10082448,13
10083124,20
10083804,10
10084484,16
10085156,20
10085836,15
10086516,28
10087188,35
10087868,19
10088548,11
10089220,10
10089900,12
10090580,13
10091252,10
10091932,16
10092612,19
10093284,16
10093964,12
10094644,39
10095316,50
10095996,36
10096676,20
10097348,19
10098028,24
10098708,24
10099380,17
10100056,11
10100732,10
10101412,12
10102092,12
10102764,10
10103436,10
10104116,10
10104788,10
10105460,10
10106140,10
10106812,10
10107484,12
10108164,11
10108836,14
10109508,11
10110188,12
10110860,14
10111540,14
10112220,18
10112892,31
10113572,29
10114252,13
10114924,20
10115604,38
10116284,21
10116956,14
10117636,18
10118316,15
10118988,11
10119668,12
10120348,15
10121020,12
10121700,10
10122380,15
10123052,10
10123732,12
10124412,15
10125084,12
10125764,10
10126444,11
10127116,14
10127796,36
10128476,33
10129148,18
10129828,10
10130508,12
10131180,10
10131860,10
10132540,11
10133212,24
10133892,36
10134572,27
10135244,14
10135924,12
10136604,28
10137276,26
10137956,11
10138636,12
10139308,10
10139988,14
10140660,30
10141332,30
10142012,10
10142684,10
10143356,12
10144036,12
10144708,12
10145380,14
10146060,10
10146732,16
10147404,10
10148084,10
10148756,11
10149436,35
10150116,37
10150792,12
10151468,28
10152148,33
10152820,18
10153500,20
10154180,13
10154852,14
10155532,12
10156212,10
10156884,23
10157564,16
10158244,23
10158916,34
10159596,22
10160276,24
10160948,36
10161628,30
10162308,12
10162980,11
10163660,13
10164340,31
10165012,44
10165692,32
10166372,10
10167044,11
10167724,15
10168404,20
10169076,22
10169756,22
10170436,12
10171108,14
10171788,16
10172468,10
10173140,11
10173820,16
10174500,15
10175172,11
10175852,10
10176532,15
10177204,11
10177884,11
10178556,12
10179236,13
10179916,14
10180588,10
10181260,18
10181940,50
10182612,64
10183284,72
10183964,48
10184636,12
10185308,41
10185988,69
10186660,65
10187332,52
10188012,48
10188684,31
10189364,29
10190044,21
10190716,20
10191396,16
10192076,15
10192748,10
10193428,16
10194108,14
10194780,18
10195460,12
10196140,14
10196812,10
10197492,14
10198172,17
10198844,20
10199524,32
10200204,29
10200876,18
10201556,11
10202236,33
10202908,46
10203588,23
10204268,28
10204940,24
10205620,10
10206300,10
10206972,10
10207652,22
10208332,28
10209004,32
10209684,28
10210364,12
10211036,20
10211716,24
10212396,19
10213068,10
10213748,24
10214428,34
10215100,40
10215780,22
10216460,27
10217132,72
10217812,60
10218484,22
10219156,12
10219836,16
10220512,12
10221180,16
10221860,31
10222532,25
10223204,17
10223884,24
10224560,29
10225228,38
10225908,70
10226584,49
10227260,32
10227940,16
10228612,11
10229292,11
10229972,19
10230644,25
10231324,35
10232004,37
10232676,28
10233356,22
10234036,15
10234712,51
10235388,62
10236068,51
10236744,20
10237420,13
10238100,10
10238776,15
10239452,18
10240132,10
10240800,11
10241480,12
10242152,14
10242820,10
10243496,20
10244172,31
10244844,14
10245520,20
10246196,27
10246868,12
10247544,12
10248220,13
10248892,16
10249568,20
10250236,10
10250916,10
10251592,11
10252260,12
10252932,12
10253608,14
10254276,24
10254948,16
10255624,22
10256300,12
10256972,14
10257648,13
10258316,13
10258992,12
10259672,11
10260348,18
10261024,18
10261704,24
10262380,27
10263056,18
10263736,21
10264404,22
10265080,11
10265756,15
10266428,31
10267104,39
10267780,22
10268452,12
10269128,20
10269808,59
10270484,55
10271160,15
10271840,13
10272516,10
10273192,10
10273872,19
10274548,24
10275224,12
10275904,11
10276580,14
10277256,14
10277936,13
10278612,22
10279288,16
10279968,32
10280644,18
10281320,17
10282000,22
10282668,10
10283344,14
10284020,14
10284692,11
10285372,12
10286044,12
10286716,11
10287392,10
10288068,10
10288740,16
10289416,17
10290092,11
10290764,11
10291444,11
10292116,10
10292792,14
10293468,23
10294140,14
10294816,12
10295496,12
10296172,18
10296848,20
10297528,13
10298204,12
10298884,30
10299560,52
10300236,40
10300916,14
10301596,11
10302268,17
10302948,12
10303628,15
10304300,11
10304976,23
10305656,21
10306332,10
10307012,16
10307692,16
10308364,18
10309040,24
10309720,17
10310396,15
10311076,22
10311756,13
10312428,16
10313104,10
10313788,14
10314460,10
10315136,19
10315820,32
10316492,22
10317172,12
10317848,11
10318524,20
10319204,40
10319884,28
10320556,14
10321236,16
10321908,32
10322580,39
10323256,24
10323932,16
10324604,17
10325280,11
10325956,12
10326628,12
10327304,12
10327980,11
10328652,12
10329328,10
10330004,10
10330680,10
10331356,12
10332028,14
10332708,18
10333388,11
10334060,10
10334740,10
10335416,17
10336092,20
10336768,14
10337448,19
10338124,16
10338800,15
10339480,11
10340156,12
10340836,28
10341516,37
10342188,29
10342868,20
10343544,29
10344220,38
10344896,16
10345576,12
10346252,13
10346928,11
10347608,9
10348232,11
10348912,10
10349592,14
10350268,16
10350948,10
10351628,11
10352300,24
10352980,19
10353652,14
10354324,10
10355004,30
10355676,28
10356348,11
10357028,12
10357700,22
10358372,32
10359052,37
10359724,32
10360396,19
10361076,14
10361748,23
10362424,17
10363108,10
10363780,10
10364460,10
10365140,17
10365812,22
10366492,19
10367172,12
10367844,16
10368524,12
10369200,16
10369868,14
10370544,13
10371228,10
10371900,14
10372580,12
10373260,12
10373932,18
10374612,26
10375288,25
10375964,18
10376644,15
10377320,12
10377996,10
10378676,26
10379356,45
10380028,36
10380708,28
10381388,15
10382060,23
10382740,32
10383420,19
10384092,12
10384768,11
10385448,13
10386124,14
10386804,32
10387484,31
10388156,28
10388836,26
10389516,16
10390188,20
10390868,18
10391540,14
10392212,28
10392892,36
10393564,12
10394236,29
10394916,36
10395588,22
10396260,12
10396940,10
10397612,10
10398284,13
10398964,14
10399636,10
10400316,14
10400992,24
10401668,18
10402344,12
10403028,14
10403700,20
10404380,11
10405056,44
10405732,35
10406412,15
10407088,16
10407756,32
10408436,42
10409112,30
10409788,18
10410464,12
10411144,12
10411820,12
10412500,21
10413180,15
10413852,12
10414532,10
10415208,13
10415884,14
10416564,11
10417240,12
10417916,10
10418596,14
10419276,12
10419948,11
10420628,26
10421308,25
10421980,12
10422660,15
10423340,24
10424012,48
10424688,56
10425368,35
10426044,20
10426720,12
10427404,13
10428076,14
10428756,12
10429428,12
10430100,14
10430780,10
10431452,10
10432124,14
10432800,19
10433476,12
10434148,10
10434828,14
10435500,12
10436172,26
10436852,16
10437524,10
10438200,31
10438876,30
10439548,24
10440228,19
10440908,35
10441580,46
10442260,30
10442940,13
10443612,14
10444292,12
10444972,11
10445644,14
10446320,17
10447000,12
10447676,10
10448356,10
10449032,17
10449708,10
10450384,16
10451068,13
10451740,14
10452420,12
10453096,12
10453772,11
10454452,10
10455128,13
10455804,14
10456484,10
10457160,11
10457836,12
10458512,10
10459196,15
10459868,26
10460548,34
10461228,13
10461900,50
10462580,62
10463260,16
10463932,14
10464612,14
10465292,12
10465964,10
10466640,13
10467316,12
10467988,10
10468668,11
10469340,12
10470012,12
10470692,10
10471364,10
10472036,10
10472712,17
10473388,16
10474060,14
10474740,11
10475412,10
10476088,10
10476772,11
10477444,12
10478124,14
10478804,13
10479476,12
10480156,19
10480836,11
10481508,14
10482188,13
10482868,20
10483540,19
10484220,14
10484900,15
10485572,18
10486252,23
10486928,28
10487596,31
10488272,26
10488952,14
10489628,18
10490304,30
10490980,52
10491652,79
10492328,54
10493008,25
10493684,12
10494360,30
10495044,37
10495716,24
10496396,14
10497072,18
10497740,29
10498416,16
10499092,33
10499764,22
10500440,11
10501108,13
10501780,26
10502456,20
10503124,12
10503796,11
10504472,10
10505148,14
10505820,12
10506496,12
10507172,33
10507844,34
10508520,16
10509192,16
10509864,35
10510544,37
10511220,26
10511896,12
10512576,12
10513252,14
10513928,10
10514608,10
10515276,10
10515952,10
10516632,10
10517308,10
10517984,11
10518664,28
10519340,24
10520016,15
10520696,10
10521364,10
10522040,20
10522720,22
10523388,14
10524064,22
10524744,33
10525420,20
10526100,12
10526776,16
10527452,12
10528128,12
10528808,33
10529476,31
10530152,11
10530832,23
10531508,36
10532184,48
10532860,23
10533540,24
10534216,29
10534892,25
10535564,39
10536240,28
10536916,12
10537588,19
10538268,22
10538940,36
10539612,54
10540288,41
10540964,16
10541636,10
10542312,19
10542988,42
10543668,52
10544348,22
10545020,26
10545696,36
10546380,37
10547052,15
10547732,10
10548408,11
10549084,22
10549760,19
10550440,10
10551108,10
10551784,11
10552468,14
10553140,15
10553816,19
10554496,16
10555172,11
10555852,14
10556532,12
10557204,12
10557884,24
10558560,20
10559236,32
10559916,54
10560596,28
10561268,12
10561944,26
10562624,46
10563292,46
10563968,24
10564644,10
10565316,15
10565992,22
10566676,23
10567348,16
10568024,14
10568696,11
10569372,31
10570048,34
10570724,18
10571396,11
10572072,13
10572748,16
10573420,12
10574096,15
10574772,16
10575444,16
10576120,13
10576788,19
10577464,22
10578140,13
10578812,12
10579488,10
10580168,10
10580844,12
10581520,20
10582196,15
10582868,10
10583544,12
10584224,10
10584900,12
10585576,16
10586260,12
10586932,12
10587608,11
10588288,12
10588964,13
10589640,10
10590316,14
10590988,14
10591664,12
10592348,18
10593020,29
10593696,28
10594376,21
10595052,12
10595728,15
10596412,11
10597084,28
10597764,17
10598440,21
10599116,52
10599792,32
10600472,36
10601148,30
10601824,12
10602504,13
10603180,12
10603860,54
10604532,70
10605204,18
10605880,10
10606556,16
10607228,26
10607908,18
10608580,12
10609252,22
10609928,20
10610604,13
10611276,14
10611952,12
10612628,12
10613304,11
10613980,15
10614652,24
10615328,28
10616012,33
10616684,30
10617364,16
10618044,13
10618716,35
10619396,42
10620076,20
10620748,10
10621428,16
10622108,13
10622780,10
10623460,12
10624140,19
10624812,11
10625488,25
10626164,22
10626836,14
10627512,22
10628196,32
10628868,42
10629544,13
10630224,23
10630900,19
10631576,15
10632260,15
10632932,22
10633612,56
10634288,47
10634964,16
10635640,16
10636324,11
10636996,12
10637672,16
10638356,13
10639028,30
10639708,38
10640380,21
10641060,16
10641736,45
10642412,18
10643084,14
10643764,26
10644436,28
10645108,17
10645788,19
10646460,24
10647132,16
10647812,10
10648484,18
10649156,26
10649836,10
10650504,34
10651184,45
10651860,27
10652532,12
10653208,29
10653884,37
10654556,12
10655232,46
10655912,31
10656588,26
10657264,12
10657940,47
10658612,54
10659288,39
10659968,30
10660636,36
10661312,27
10661992,12
10662668,10
10663344,13
10664020,11
10664692,10
10665368,10
10666048,12
10666724,12
10667400,12
10668080,12
10668756,12
10669436,15
10670116,13
10670788,10
10671464,12
10672144,11
10672820,12
10673496,11
10674168,12
10674836,20
10675516,26
10676188,22
10676860,12
10677536,24
10678212,24
10678884,16
10679560,15
10680236,12
10680908,10
10681584,10
10682260,16
10682936,19
10683612,10
10684284,19
10684960,28
10685640,41
10686316,32
10686996,19
10687676,11
10688348,10
10689024,10
10689700,10
10690372,16
10691052,25
10691728,23
10692404,12
10693080,17
10693760,15
10694436,13
10695112,14
10695796,19
10696468,25
10697144,13
10697824,9
10698448,11
10699128,10
10699812,12
10700484,10
10701164,13
10701840,12
10702516,12
10703192,10
10703868,13
10704548,14
10705224,12
10705900,10
10706572,29
10707248,31
10707924,20
10708596,16
10709272,12
10709948,22
10710620,22
10711300,12
10711972,22
10712644,34
10713324,26
10713996,22
10714676,44
10715356,54
10716028,48
10716708,30
10717388,31
10718060,17
10718740,28
10719420,22
10720092,12
10720768,23
10721448,32
10722124,24
10722800,11
10723480,15
10724156,16
10724836,14
10725512,32
10726188,22
10726868,15
10727544,17
10728220,16
10728896,30
10729580,16
10730252,12
10730928,10
10731612,12
10732284,16
10732960,15
10733640,10
10734308,12
10734984,14
10735668,35
10736340,36
10737020,38
10737700,28
10738372,12
10739052,32
10739732,51
10740404,51
10741084,55
10741756,45
10742436,26
10743112,12
10743788,26
10744460,36
10745140,33
10745812,34
10746484,11
10747164,25
10747836,31
10748508,13
10749188,20
10749860,34
10750532,46
10751212,57
10751884,26
10752564,26
10753240,62
10753908,65
10754584,53
10755264,28
10755932,16
10756608,10
10757288,13
10757964,27
10758640,13
10759320,18
10759988,20
10760668,16
10761344,21
10762020,15
10762696,10
10763376,19
10764052,33
10764728,22
10765412,12
10766084,15
10766760,16
10767440,9
10768064,14
10768744,12
10769420,14
10770092,21
10770768,26
10771444,18
10772116,10
10772796,18
10773468,18
10774140,28
10774820,30
10775492,16
10776164,10
10776840,12
10777516,11
10778188,11
10778864,11
10779540,20
10780216,28
10780892,12
10781564,16
10782240,24
10782924,10
10783596,16
10784276,32
10784952,21
10785628,12
10786304,11
10786988,13
10787660,32
10788340,40
10789016,24
10789692,12
10790372,23
10791052,21
10791724,14
10792404,10
10793080,17
10793756,23
10794432,11
10795116,12
10795788,18
10796468,36
10797148,34
10797820,17
10798500,14
10799180,23
10799852,24
10800532,12
10801212,14
10801884,11
10802564,12
10803240,29
10803916,32
10804592,24
10805272,15
10805948,22
10806624,57
10807308,55
10807980,18
10808660,12
10809332,19
10810004,11
10810680,14
10811356,14
10812028,12
10812708,16
10813380,18
10814052,16
10814728,11
10815404,14
10816076,10
10816752,10
10817420,16
10818096,19
10818776,11
10819444,22
10820120,20
10820800,12
10821476,24
10822152,32
10822836,29
10823508,36
10824188,34
10824864,14
10825540,22
10826220,35
10826900,57
10827572,48
10828248,11
10828928,13
10829604,19
10830280,33
10830956,20
10831628,10
10832304,12
10832984,13
10833660,10
10834336,12
10835016,11
10835692,10
10836368,22
10837048,52
10837724,41
10838404,28
10839080,12
10839756,30
10840436,73
10841116,40
10841788,20
10842464,36
10843144,21
10843820,12
10844500,20
10845172,44
10845844,40
10846520,15
10847196,11
10847868,19
10848548,18
10849220,10
10849892,10
10850568,14
10851244,34
10851916,41
10852596,23
10853268,12
10853944,19
10854628,22
10855300,12
10855976,12
10856656,13
10857332,10
10858008,12
10858688,12
10859364,14
10860040,40
10860720,51
10861396,42
10862076,24
10862756,15
10863428,42
10864104,84
10864784,63
10865460,30
10866136,10
10866816,15
10867492,14
10868168,10
10868848,16
10869524,40
10870204,46
10870884,33
10871556,15
10872236,12
10872916,39
10873588,30
10874268,12
10874948,16
10875620,26
10876300,12
10876980,27
10877652,26
10878332,40
10879012,34
10879684,30
10880364,14
10881040,11
10881708,12
10882384,10
10883052,10
10883724,10
10884400,14
10885076,14
10885748,14
10886424,14
10887100,12
10887772,10
10888448,13
10889124,11
10889796,11
10890472,10
10891148,12
10891828,11
10892508,23
10893180,12
10893856,13
10894536,18
10895212,24
10895892,15
10896568,21
10897244,20
10897920,17
10898600,18
10899268,30
10899944,26
10900624,13
10901300,43
10901976,83
10902656,62
10903332,14
10904012,29
10904688,29
10905364,12
10906044,11
10906720,10
10907388,11
10908064,12
10908744,12
10909420,10
10910100,20
10910776,17
10911452,11
10912132,20
10912808,25
10913484,22
10914160,10
10914840,19
10915516,25
10916196,28
10916872,24
10917548,20
10918224,33
10918900,15
10919572,10
10920252,18
10920924,39
10921596,80
10922276,63
10922948,22
10923620,10
10924296,11
10924972,11
10925644,10
10926320,13
10926996,17
10927672,14
10928348,14
10929020,26
10929696,19
10930376,11
10931052,13
10931732,16
10932412,23
10933084,18
10933764,12
10934440,13
10935116,14
10935796,12
10936476,23
10937148,16
10937828,10
10938504,13
10939180,11
10939860,14
10940540,11
10941212,16
10941892,15
10942572,14
10943244,35
10943924,39
10944604,35
10945276,12
10945956,50
10946636,64
10947308,45
10947984,43
10948668,33
10949340,11
10950020,10
10950700,10
10951372,22
10952052,30
10952732,23
10953404,16
10954084,12
10954764,12
10955436,22
10956116,20
10956788,21
10957460,13
10958136,11
10958812,18
10959484,30
10960164,28
10960836,12
10961508,16
10962188,30
10962860,26
10963532,10
10964208,26
10964884,40
10965560,14
10966236,26
10966908,34
10967588,11
10968268,32
10968940,41
10969620,56
10970296,57
10970972,15
10971652,32
10972332,40
10973004,26
10973684,10
10974364,20
10975036,40
10975716,24
10976396,12
10977068,12
10977748,12
10978424,13
10979100,10
10979780,12
10980460,15
10981132,14
10981808,10
10982488,9
10983112,11
10983796,10
10984476,11
10985148,12
10985824,11
10986504,13
10987180,12
10987860,10
10988532,10
10989204,18
10989880,28
10990556,20
10991228,16
10991908,22
10992580,17
10993252,16
10993932,22
10994604,16
10995276,11
10995956,10
10996628,10
10997304,11
10997988,11
10998660,10
10999340,15
11000020,17
11000692,14
11001372,13
11002052,34
11002724,40
11003404,38
11004084,36
11004756,17
11005436,32
11006116,15
11006788,20
11007468,52
11008148,55
11008820,32
11009496,12
11010176,15
11010852,16
11011532,20
11012212,11
11012884,14
11013560,13
11014244,10
11014916,10
11015596,14
11016276,11
11016948,13
11017628,10
11018308,13
11018980,23
11019660,29
11020340,16
11021012,12
11021688,14
11022368,12
11023044,14
11023724,20
11024404,19
11025076,11
11025756,27
11026428,31
11027108,16
11027788,12
11028460,12
11029132,12
11029812,18
11030484,21
11031156,28
11031836,42
11032508,35
11033180,12
11033860,15
11034532,28
11035204,40
11035884,40
11036556,24
11037236,12
11037916,16
11038588,20
11039268,18
11039948,13
11040620,11
11041300,26
11041976,30
11042652,27
11043332,17
11044012,12
11044684,10
11045364,11
11046044,10
11046716,20
11047396,27
11048076,15
11048748,10
11049428,12
11050108,19
11050780,27
11051460,21
11052140,13
11052812,12
11053492,22
11054172,20
11054844,11
11055524,11
11056204,11
11056876,12
11057556,18
11058236,20
11058908,29
11059588,26
11060264,20
11060940,12
11061616,27
11062296,41
11062972,36
11063652,20
11064332,11
11065004,10
11065680,12
11066356,10
11067028,10
11067708,11
11068380,10
11069052,12
11069732,16
11070404,20
11071076,20
11071756,16
11072428,11
11073100,28
11073780,36
11074452,24
11075128,13
11075804,30
11076476,56
11077156,29
11077836,25
11078508,16
11079188,10
11079868,11
11080540,12
11081220,24
11081900,15
11082572,10
11083248,12
11083932,14
11084604,11
11085284,11
11085960,13
11086636,24
11087316,30
11087996,25
11088668,21
11089344,21
11090028,18
11090700,43
11091380,12
11092060,36
11092732,18
11093412,12
11094092,13
11094764,30
11095444,54
11096124,58
11096796,36
11097476,10
11098156,22
11098828,34
11099508,38
11100188,58
11100860,60
11101540,48
11102220,13
11102892,54
11103572,75
11104244,61
11104916,35
11105596,30
11106268,26
11106940,18
11107620,14
11108292,15
11108964,14
11109644,12
11110316,12
11110992,14
11111668,12
11112340,10
11113016,12
11113700,14
11114372,14
11115052,11
11115732,10
11116404,11
11117084,10
11117764,11
11118436,11
11119116,12
11119796,16
11120472,20
11121148,13
11121828,9
11122448,10
11123132,10
11123812,18
11124484,15
11125160,12
11125844,11
11126516,11
11127196,12
11127876,14
11128548,16
11129228,16
11129908,14
11130580,10
11131260,10
11131940,13
11132612,18
11133292,23
11133972,12
11134644,18
11135324,12
11136000,33
11136676,46
11137356,26
11138028,20
11138700,23
11139380,12
11140052,14
11140724,14
11141404,14
11142076,24
11142748,42
11143424,22
11144100,14
11144772,17
11145452,17
11146124,22
11146804,25
11147484,14
11148156,32
11148836,42
11149512,24
11150188,30
11150868,54
11151548,29
11152220,34
11152900,43
11153580,17
11154252,10
11154932,22
11155612,15
11156284,10
11156964,16
11157644,13
11158316,24
11158996,18
11159676,16
11160348,12
11161028,13
11161708,22
11162380,20
11163056,12
11163740,11
11164412,10
11165092,11
11165772,17
11166444,14
11167124,10
11167804,12
11168476,20
11169156,24
11169836,31
11170508,36
11171188,26
11171868,14
11172540,30
11173220,52
11173900,38
11174572,30
11175252,26
11175924,30
11176596,24
11177276,11
11177948,15
11178620,18
11179300,31
11179972,26
11180644,16
11181324,10
11181996,14
11182668,13
11183348,10
11184020,12
11184696,11
11185380,22
11186052,12
11186732,28
11187412,29
11188084,18
11188764,10
11189444,25
11190116,35
11190796,11
11191476,10
11192148,29
11192828,34
11193508,21
11194180,14
11194860,12
11195540,12
11196212,12
11196892,15
11197572,15
11198244,10
11198924,22
11199604,10
11200280,17
11200952,23
11201632,29
11202308,20
11202988,12
11203664,24
11204340,10
11205016,11
11205700,15
11206372,20
11207052,28
11207728,28
11208404,16
11209080,30
11209764,40
11210436,30
11211116,12
11211796,12
11212468,44
11213148,36
11213820,10
11214500,22
11215176,14
11215852,25
11216524,37
11217204,28
11217876,28
11218548,24
11219228,12
11219900,14
11220572,11
11221252,12
11221924,11
11222596,14
11223276,23
11223948,18
11224628,14
11225308,26
11225980,38
11226656,23
11227336,11
11228012,16
11228688,17
11229372,11
11230044,10
11230724,15
11231404,29
11232076,26
11232752,22
11233436,13
11234108,10
11234788,18
11235468,18
11236140,12
11236820,12
11237500,10
11238172,12
11238852,18
11239532,19
11240204,16
11240880,11
11241564,11
11242236,14
11242916,15
11243596,20
11244268,20
11244948,22
11245624,19
11246300,10
11246980,10
11247660,14
11248332,34
11249012,50
11249692,41
11250364,40
11251044,18
11251724,13
11252396,12
11253076,16
11253748,14
11254420,18
11255100,30
11255772,20
11256444,14
11257124,16
11257796,13
11258468,20
11259148,18
11259820,11
11260492,13
11261172,15
11261844,24
11262524,28
11263204,24
11263876,22
11264556,32
11265232,18
11265900,11
11266576,10
11267256,13
11267924,43
11268600,63
11269280,56
11269956,39
11270632,12
11271312,11
11271988,15
11272668,11
11273344,17
11274020,16
11274696,12
11275376,11
11276052,11
11276728,14
11277412,15
11278084,28
11278760,26
11279440,21
11280116,16
11280792,19
11281472,21
11282148,10
11282824,23
11283504,31
11284180,36
11284856,28
11285536,15
11286212,12
11286892,24
11287568,17
11288244,12
11288920,10
11289596,11
11290276,14
11290952,18
11291628,26
11292300,27
11292980,12
11293652,18
11294324,18
11295004,15
11295676,10
11296348,10
11297024,10
11297700,13
11298372,14
11299052,10
11299724,10
11300404,15
11301084,18
11301756,20
11302436,14
11303112,16
11303788,34
11304468,34
11305148,25
11305820,13
11306496,12
11307176,13
11307852,12
11308528,10
11309208,19
11309884,21
11310564,12
11311240,25
11311916,23
11312596,16
11313276,11
11313948,20
11314628,24
11315308,17
11315980,11
11316660,13
11317336,13
11318012,22
11318692,18
11319372,20
11320044,16
11320720,12
11321404,12
11322076,14
11322756,17
11323436,15
11324108,11
11324788,11
11325468,13
11326140,16
11326820,24
11327500,28
11328172,48
11328848,50
11329524,46
11330196,26
11330876,11
11331548,30
11332220,35
11332900,42
11333572,62
11334244,81
11334924,42
11335596,11
11336268,11
11336948,12
11337620,10
11338296,11
11338972,12
11339644,10
11340324,14
11341004,16
11341676,20
11342356,14
11343036,12
11343708,19
11344388,41
11345068,44
11345740,13
11346420,38
11347096,60
11347772,41
11348452,24
11349132,21
11349804,14
11350484,18
11351164,15
11351836,12
11352516,12
11353196,25
11353868,46
11354548,25
11355228,17
11355900,34
11356580,30
11357260,16
11357932,11
11358612,10
11359292,16
11359964,14
11360644,14
11361320,13
11361996,10
11362676,14
11363356,21
11364028,12
11364704,10
11365388,11
11366060,18
11366740,20
11367412,21
11368084,22
11368760,26
11369436,60
11370108,48
11370788,22
11371460,14
11372132,54
11372812,70
11373484,54
11374156,32
11374836,14
11375508,12
11376184,11
11376868,12
11377540,16
11378220,16
11378900,13
11379572,11
11380252,20
11380932,24
11381604,18
11382284,28
11382964,37
11383636,24
11384316,12
11384996,20
11385668,30
11386348,66
11387028,67
11387700,44
11388380,19
11389060,21
11389732,26
11390412,20
11391092,13
11391764,35
11392444,38
11393120,36
11393796,18
11394472,16
11395156,20
11395828,19
11396508,10
11397188,11
11397860,14
11398540,18
11399220,18
11399892,10
11400572,11
11401252,12
11401924,18
11402604,19
11403284,12
11403956,19
11404636,19
11405308,15
11405988,11
11406668,10
11407340,10
11408012,12
11408688,11
11409364,16
11410036,14
11410716,12
11411388,11
11412060,12
11412740,10
11413412,26
11414084,42
11414764,11
11415436,12
11416116,12
11416796,12
11417468,18
11418148,11
11418828,13
11419500,12
11420180,10
11420860,11
11421532,16
11422212,20
11422892,26
11423564,18
11424244,10
11424924,11
11425596,11
11426276,12
11426956,13
11427628,12
11428308,16
11428988,32
11429660,33
11430340,16
11431020,13
11431692,32
11432372,44
11433052,20
11433724,14
11434404,13
11435084,12
11435756,12
11436436,14
11437116,12
11437788,18
11438468,23
11439148,15
11439820,21
11440500,28
11441180,28
11441852,20
11442532,12
11443212,17
11443884,20
11444564,16
11445236,18
11445908,52
11446588,39
11447260,18
11447932,12
11448612,10
11449284,10
11449956,10
11450636,10
11451308,12
11451980,12
11452660,19
11453332,26
11454012,17
11454692,14
11455364,30
11456044,20
11456720,13
11457396,12
11458076,18
11458756,25
11459428,14
11460108,22
11460788,38
11461460,24
11462140,18
11462820,25
11463492,18
11464172,10
11464852,11
11465524,20
11466204,30
11466884,21
11467556,12
11468236,10
11468916,17
11469588,21
11470264,12
11470944,9
11471568,13
11472248,11
11472928,12
11473604,20
11474280,12
11474960,10
11475636,12
11476312,12
11476988,25
11477668,16
11478348,12
11479020,19
11479692,27
11480368,20
11481044,18
11481716,22
11482392,42
11483068,44
11483740,30
11484420,16
11485092,52
11485764,40
11486440,14
11487116,10
11487796,24
11488476,50
11489148,40
11489828,29
11490504,16
11491180,11
11491860,18
11492536,13
11493212,12
11493892,19
11494572,24
11495244,12
11495920,32
11496604,19
11497276,10
11497956,12
11498636,13
11499308,10
11499988,10
11500668,11
11501340,23
11502020,34
11502700,17
11503372,14
11504052,15
11504732,13
11505404,15
11506084,23
11506764,24
11507436,16
11508116,36
11508796,27
11509468,21
11510148,18
11510828,23
11511500,22
11512180,40
11512860,20
11513532,11
11514212,11
11514892,10
11515564,10
11516244,10
11516916,10
11517588,14
11518268,16
11518940,12
11519612,25
11520292,46
11520964,49
11521636,39
11522312,19
11522980,38
11523652,28
11524328,13
11525004,19
11525680,37
11526360,48
11527036,24
11527712,14
11528392,11
11529068,12
11529744,12
11530424,11
11531100,10
11531780,10
11532456,11
11533132,10
11533808,12
11534488,11
11535164,17
11535844,22
11536520,21
11537196,16
11537876,10
11538556,11
11539228,10
11539904,12
11540588,12
11541260,12
11541936,12
11542620,13
11543292,25
11543972,48
11544652,47
11545324,26
11546004,14
11546680,33
11547356,56
11548036,58
11548716,39
11549388,22
11550068,18
11550748,16
11551420,11
11552096,18
11552776,29
11553444,48
11554120,40
11554796,20
11555468,20
11556148,54
11556820,64
11557492,58
11558172,34
11558844,16
11559516,14
11560196,11
11560868,10
11561540,14
11562220,17
11562892,18
11563568,18
11564248,13
11564924,10
11565600,10
11566280,11
11566956,12
11567636,12
11568316,11
11568988,16
11569664,20
11570348,21
11571020,17
11571700,13
11572376,9
11573000,15
11573680,17
11574364,17
11575036,22
11575716,18
11576396,15
11577068,12
11577748,13
11578424,19
11579100,19
11579780,17
11580460,42
11581132,42
11581812,33
11582492,41
11583164,69
11583844,58
11584524,23
11585196,10
11585876,12
11586548,14
11587220,18
11587896,12
11588572,16
11589244,14
11589924,12
11590596,18
11591268,30
11591948,36
11592620,13
11593292,22
11593972,17
11594644,27
11595320,29
11595996,20
11596668,11
11597348,10
11598028,12
11598700,25
11599380,25
11600060,21
11600732,27
11601408,34
11602092,33
11602764,18
11603440,10
11604120,21
11604796,24
11605476,18
11606156,11
11606828,14
11607508,28
11608188,32
11608860,16
11609540,11
11610220,15
11610892,16
11611572,12
11612252,11
11612924,10
11613600,10
11614280,9
11614904,14
11615588,16
11616268,15
11616940,14
11617620,11
11618292,16
11618964,10
11619644,12
11620316,20
11620988,20
11621668,10
11622340,10
11623012,10
11623692,16
11624364,14
11625036,13
11625716,24
11626388,14
11627064,11
11627748,14
11628420,12
11629100,11
11629780,21
11630452,18
11631132,14
11631812,12
11632484,10
11633164,10
11633844,15
11634516,36
11635196,34
11635876,23
11636548,14
11637228,24
11637908,24
11638580,10
11639260,17
11639940,17
11640612,19
11641292,55
11641972,85
11642644,44
11643324,23
11644004,13
11644676,12
11645356,10
11646036,11
11646708,18
11647388,30
11648068,29
11648740,22
11649416,13
11650096,13
11650772,14
11651452,21
11652132,17
11652804,13
11653480,18
11654160,23
11654836,24
11655516,32
11656188,21
11656868,11
11657548,16
11658220,32
11658892,29
11659572,15
11660244,10
11660916,12
11661596,15
11662268,20
11662940,11
11663620,31
11664292,47
11664964,24
11665644,21
11666316,42
11666996,43
11667676,22
11668348,12
11669028,18
11669708,12
11670380,16
11671060,14
11671740,9
11672360,11
11673044,12
11673724,12
11674396,10
11675076,10
11675756,13
11676428,12
11677108,13
11677788,12
11678460,12
11679140,10
11679820,15
11680492,10
11681168,10
11681848,13
11682524,10
11683204,10
11683880,9
11684504,13
11685184,19
11685860,22
11686532,13
11687208,14
11687884,16
11688556,16
11689236,12
11689908,11
11690580,11
11691260,10
11691932,10
11692604,13
11693284,12
11693956,12
11694636,16
11695316,15
11695988,10
11696668,14
11697344,17
11698020,15
11698700,11
11699380,24
11700052,24
11700732,18
11701412,11
11702084,14
11702764,22
11703444,49
11704116,52
11704796,50
11705476,13
11706148,37
11706828,70
11707508,68
11708180,26
11708860,12
11709540,17
11710212,14
11710892,10
11711572,13
11712248,11
11712924,10
11713604,11
11714276,10
11714956,10
11715636,11
11716308,14
11716988,25
11717668,29
11718340,28
11719020,16
11719700,18
11720372,52
11721052,58
11721724,33
11722404,11
11723084,34
11723756,36
11724428,17
11725108,16
11725780,28
11726452,20
11727132,23
11727804,25
11728476,16
11729156,11
11729828,10
11730500,10
11731180,12
11731852,12
11732532,10
11733212,12
11733884,18
11734564,12
11735244,12
11735916,15
11736596,15
11737276,11
11737948,10
11738628,10
11739308,10
11739980,12
11740660,13
11741340,13
11742012,12
11742692,12
11743372,13
11744044,14
11744724,14
11745404,12
11746076,10
11746756,10
11747436,10
11748108,10
11748788,14
11749468,16
11750140,14
11750820,12
11751500,15
11752172,19
11752852,16
11753532,20
11754204,25
11754884,26
11755564,17
11756236,30
11756916,18
11757596,31
11758268,42
11758948,24
11759628,13
11760300,11
11760980,16
11761652,26
11762324,22
11763004,50
11763676,39
11764348,11
11765028,36
11765700,68
11766372,98
11767052,68
11767724,42
11768396,27
11769076,12
11769748,15
11770428,14
11771108,10
11771780,10
11772460,20
11773140,23
11773812,12
11774492,18
11775172,16
11775848,12
11776524,16
11777200,20
11777876,16
11778556,14
11779236,12
11779908,10
11780588,10
11781268,11
11781940,12
11782620,14
11783300,11
11783972,10
11784652,10
11785332,12
11786004,11
11786684,10
11787364,11
11788036,12
11788716,12
11789396,10
11790068,10
11790748,12
11791428,17
11792100,16
11792780,12
11793460,11
11794132,12
11794812,16
11795492,15
11796164,10
11796844,10
11797520,11
11798196,10
11798876,12
11799548,12
11800228,18
11800904,29
11801580,33
11802252,20
11802928,12
11803604,26
11804276,51
11804956,41
11805628,16
11806300,10
11806980,14
11807652,28
11808324,14
11809000,19
11809676,12
11810352,12
11811036,12
11811708,29
11812388,34
11813068,22
11813740,16
11814420,12
11815096,13
11815772,19
11816452,46
11817132,29
11817804,12
11818480,11
11819164,13
11819836,10
11820516,14
11821196,13
11821868,28
11822548,42
11823228,27
11823900,11
11824580,28
11825260,41
11825932,28
11826612,13
11827292,12
11827964,13
11828644,11
11829320,11
11829996,10
11830676,10
11831356,12
11832028,10
11832708,10
11833388,11
11834060,12
11834740,18
11835420,32
11836092,38
11836772,36
11837452,18
11838124,18
11838804,35
11839476,35
11840148,24
11840824,22
11841492,13
11842164,16
11842840,29
11843516,24
11844188,22
11844864,34
11845540,24
11846212,24
11846892,26
11847564,17
11848244,12
11848920,10
11849596,10
11850276,10
11850956,11
11851628,10
11852308,12
11852988,13
11853660,11
11854336,11
11855020,13
11855692,19
11856372,15
11857052,9
11857672,11
11858356,12
11859036,13
11859708,11
11860388,14
11861068,13
11861740,14
11862420,36
11863100,45
11863772,24
11864452,10
11865132,23
11865804,25
11866484,16
11867164,12
11867836,16
11868516,15
11869196,13
11869868,15
11870548,14
11871220,10
11871892,10
11872572,13
11873244,10
11873916,16
11874596,18
11875268,16
11875940,12
11876620,20
11877292,35
11877964,23
11878644,10
11879316,18
11879992,15
11880668,11
11881340,25
11882016,36
11882696,32
11883372,10
11884052,16
11884728,25
11885404,46
11886084,78
11886760,57
11887436,18
11888116,56
11888796,59
11889468,52
11890148,35
11890828,21
11891500,17
11892180,10
11892856,12
11893532,13
11894212,15
11894892,16
11895564,11
11896244,10
11896924,11
11897596,11
11898276,12
11898956,13
11899628,32
11900308,38
11900988,24
11901660,16
11902340,24
11903020,22
11903692,13
11904372,10
11905048,11
11905724,12
11906400,11
11907080,11
11907756,12
11908436,16
11909108,15
11909780,11
11910460,12
11911132,14
11911804,11
11912484,10
11913156,10
11913828,12
11914508,15
11915180,16
11915852,18
11916532,17
11917204,15
11917880,24
11918564,11
11919236,17
11919916,14
11920596,16
11921268,16
11921948,14
11922624,36
11923300,35
11923980,19
11924660,16
11925332,19
11926012,20
11926692,15
11927364,14
11928044,14
11928724,17
11929396,10
11930076,12
11930756,15
11931428,15
11932108,14
11932788,12
11933460,14
11934140,18
11934820,18
11935492,17
11936172,14
11936848,11
11937524,19
11938204,38
11938884,19
11939556,12
11940236,18
11940916,23
11941588,14
11942268,16
11942948,13
11943620,13
11944300,28
11944980,29
11945652,20
11946332,26
11947004,14
11947684,10
11948364,18
11949036,26
11949708,31
11950388,20
11951060,10
11951732,11
11952412,18
11953084,18
11953756,11
11954436,10
11955108,11
11955784,11
11956460,12
11957132,13
11957812,14
11958492,13
11959164,12
11959844,11
11960524,16
11961196,30
11961876,34
11962556,23
11963228,12
11963908,24
11964588,15
11965260,10
11965940,10
11966620,27
11967292,27
11967972,17
11968652,14
11969324,24
11970004,22
11970684,19
11971356,10
11972036,18
11972716,17
11973388,12
11974068,10
11974748,14
11975420,17
11976100,15
11976780,11
11977452,14
11978132,18
11978812,18
11979484,11
11980164,10
11980844,10
11981516,10
11982196,10
11982876,11
11983548,10
11984228,11
11984908,12
11985580,10
11986260,16
11986932,16
11987604,11
11988284,12
11988956,30
11989628,32
11990308,26
11990980,15
11991652,24
11992332,46
11993004,36
11993676,19
11994356,11
11995028,10
11995708,10
11996388,10
11997060,14
11997740,12
11998420,11
11999092,11
11999772,22
12000452,17
12001124,12
12001804,11
12002480,12
12003156,17
12003836,40
12004516,47
12005188,60
12005868,34
12006548,24
12007220,61
12007896,50
12008580,39
12009252,48
12009932,32
12010612,25
12011284,16
12011964,10
12012644,16
12013316,24
12013996,26
12014676,22
12015348,11
12016028,22
12016704,31
12017380,19
12018060,11
12018740,12
12019412,18
12020092,10
12020772,10
12021444,10
12022124,11
12022804,13
12023476,11
12024156,14
12024828,19
12025508,14
12026188,14
12026860,24
12027532,32
12028212,32
12028884,19
12029556,10
12030236,14
12030908,31
12031580,45
12032260,28
12032932,16
12033604,17
12034280,12
12034956,10
12035636,11
12036316,14
12036988,12
12037668,16
12038348,20
12039020,23
12039700,28
12040380,15
12041052,12
12041732,21
12042412,15
12043084,14
12043760,12
12044444,27
12045116,28
12045796,23
12046476,31
12047148,54
12047828,36
12048508,13
12049180,18
12049860,14
12050540,12
12051212,13
12051888,12
12052572,17
12053244,16
12053924,11
12054604,12
12055276,10
12055956,14
12056636,13
12057308,12
12057988,24
12058668,27
12059340,27
12060020,12
12060700,12
12061372,11
12062052,17
12062732,39
12063404,40
12064084,53
12064756,64
12065428,69
12066108,18
12066780,76
12067452,96
12068132,93
12068804,56
12069476,25
12070156,10
12070828,11
12071500,16
12072180,10
12072852,17
12073528,25
12074212,28
12074884,27
12075564,24
12076244,18
12076916,12
12077596,40
12078276,33
12078948,19
12079628,18
12080308,18
12080980,11
12081660,10
12082340,13
12083012,15
12083692,14
12084368,16
12085044,16
12085720,11
12086404,20
12087076,22
12087756,16
12088436,11
12089108,10
12089788,10
12090464,11
12091140,10
12091820,10
12092500,14
12093172,18
12093852,14
12094532,15
12095204,14
12095884,14
12096564,20
12097236,14
12097916,11
12098596,11
12099268,10
12099944,12
12100628,12
12101300,14
12101980,20
12102652,24
12103332,22
12104012,14
12104684,10
12105356,10
12106036,10
12106708,11
12107380,11
12108060,10
12108732,10
12109404,15
12110084,18
12110756,14
12111428,17
12112108,11
12112780,10
12113460,10
12114140,11
12114812,10
12115492,11
12116172,13
12116844,11
12117524,12
12118204,12
12118876,11
12119556,11
12120236,11
12120908,13
12121588,10
12122268,12
12122940,12
12123620,10
12124300,12
12124972,18
12125652,20
12126332,21
12127004,52
12127684,53
12128364,25
12129036,20
12129716,50
12130396,48
12131068,10
12131748,14
12132428,12
12133100,10
12133780,10
12134460,12
12135132,14
12135812,29
12136492,29
12137164,15
12137844,10
12138524,11
12139196,22
12139876,26
12140556,23
12141228,21
12141908,16
12142580,11
12143252,10
12143932,14
12144608,12
12145276,18
12145956,17
12146628,26
12147300,17
12147980,10
12148652,10
12149324,12
12150004,30
12150676,26
12151356,17
12152036,14
12152708,16
12153388,14
12154068,15
12154740,10
12155420,14
12156100,14
12156772,10
12157452,11
12158132,12
12158804,11
12159484,12
12160164,11
12160836,11
12161512,11
12162196,12
12162868,10
12163548,10
12164228,12
12164900,10
12165580,10
12166260,11
12166932,10
12167612,16
12168292,19
12168964,14
12169640,11
12170320,11
12170996,10
12171676,10
12172356,11
12173028,10
12173708,12
12174388,12
12175060,15
12175740,26
12176420,30
12177092,12
12177772,11
12178452,11
12179124,10
12179804,12
12180476,22
12181156,25
12181836,20
12182508,13
12183180,10
12183860,12
12184532,11
12185204,13
12185884,20
12186556,28
12187228,22
12187904,10
12188580,28
12189252,48
12189932,44
12190604,19
12191284,12
12191964,12
12192636,12
12193316,12
12193996,12
12194668,14
12195348,18
12196028,13
12196700,12
12197380,28
12198060,27
12198732,14
12199412,12
12200092,13
12200764,16
12201444,25
12202124,27
12202796,14
12203476,10
12204156,11
12204828,11
12205508,15
12206188,15
12206860,16
12207540,14
12208220,15
12208892,12
12209568,17
12210252,33
12210924,44
12211604,30
12212284,12
12212956,36
12213636,51
12214316,58
12214988,32
12215668,14
12216348,22
12217020,24
12217700,11
12218380,20
12219052,18
12219732,16
12220404,11
12221076,20
12221756,16
12222428,11
12223100,10
12223780,10
12224456,12
12225124,14
12225804,22
12226476,28
12227148,24
12227828,14
12228500,19
12229180,31
12229860,26
12230532,21
12231212,14
12231892,11
12232564,10
12233244,10
12233924,11
12234596,11
12235276,10
12235956,14
12236632,13
12237308,11
12237988,16
12238660,12
12239340,15
12240020,15
12240692,30
12241372,29
12242052,16
12242724,18
12243404,49
12244084,41
12244756,32
12245436,25
12246116,17
12246788,18
12247468,10
12248148,12
12248820,14
12249500,10
12250180,10
12250852,10
12251532,10
12252212,11
12252884,11
12253564,19
12254244,32
12254916,32
12255596,30
12256276,12
12256948,25
12257628,30
12258300,23
12258980,18
12259660,19
12260332,26
12261004,25
12261684,22
12262356,11
12263032,21
12263708,11
12264380,13
12265052,10
12265732,10
12266404,10
12267076,11
12267756,10
12268428,11
12269108,11
12269788,10
12270460,10
12271140,10
12271820,11
12272496,15
12273172,10
12273852,13
12274528,18
12275204,29
12275884,25
12276556,22
12277236,20
12277916,12
12278592,28
12279268,11
12279948,39
12280624,38
12281300,20
12281980,23
12282652,59
12283332,59
12284012,48
12284688,37
12285364,22
12286044,11
12286720,18
12287396,26
12288076,32
12288748,30
12289424,18
12290100,13
12290772,24
12291448,32
12292128,41
12292804,34
12293480,15
12294156,13
12294828,14
12295504,10
12296180,10
12296852,10
12297528,10
12298204,10
12298876,10
12299556,12
12300228,14
12300900,10
12301576,11
12302252,12
12302924,10
12303600,10
12304276,16
12304952,20
12305628,11
12306300,17
12306980,20
12307660,15
12308332,11
12309012,15
12309688,25
12310364,26
12311044,11
12311720,16
12312396,15
12313076,11
12313756,12
12314428,14
12315104,14
12315788,13
12316460,10
12317140,13
12317820,16
12318492,14
12319172,11
12319852,15
12320524,24
12321200,29
12321880,23
12322556,30
12323236,34
12323912,21
12324588,12
12325264,41
12325948,53
12326620,38
12327296,14
12327980,15
12328652,20
12329332,12
12330008,12
12330684,14
12331364,30
12332044,29
12332716,20
12333396,11
12334068,12
12334740,14
12335420,35
12336092,24
12336764,16
12337444,11
12338116,28
12338788,36
12339468,23
12340140,10
12340812,27
12341488,37
12342164,28
12342840,12
12343516,15
12344188,26
12344868,48
12345548,17
12346220,18
12346900,18
12347580,48
12348252,30
12348932,13
12349612,23
12350284,14
12350964,12
12351644,12
12352316,15
12352992,18
12353672,17
12354348,10
12355028,11
12355708,10
12356380,14
12357060,13
12357740,11
12358412,12
12359088,16
12359772,17
12360444,18
12361124,13
12361804,23
12362476,24
12363156,19
12363836,19
12364508,10
12365188,12
12365868,9
12366488,11
12367168,34
12367844,36
12368516,15
12369196,12
12369868,20
12370540,42
12371220,51
12371892,37
12372564,26
12373240,26
12373916,28
12374588,19
12375268,11
12375940,16
12376620,20
12377300,18
12377972,18
12378652,13
12379332,12
12380004,24
12380684,20
12381364,16
12382036,14
12382716,10
12383396,20
12384068,20
12384744,17
12385428,14
12386100,15
12386780,14
12387460,12
12388132,28
12388812,22
12389492,11
12390164,10
12390844,16
12391520,17
12392196,11
12392876,16
12393556,28
12394228,30
12394908,15
12395588,14
12396260,18
12396940,23
12397620,23
12398292,13
12398972,10
12399652,19
12400324,31
12401004,30
12401684,16
12402356,10
12403036,14
12403708,11
12404388,20
12405068,31
12405740,46
12406412,19
12407088,22
12407764,54
12408436,62
12409116,26
12409788,11
12410460,12
12411140,12
12411812,14
12412484,13
12413164,11
12413836,10
12414516,11
12415196,10
12415868,10
12416548,10
12417224,13
12417900,11
12418580,12
12419256,14
12419932,10
12420612,14
12421292,14
12421964,12
12422644,17
12423320,23
12423996,16
12424676,15
12425356,11
12426028,16
12426708,12
12427388,11
12428060,12
12428740,14
12429420,18
12430092,21
12430772,12
12431452,17
12432124,10
12432804,14
12433480,11
12434156,26
12434836,28
12435516,21
12436188,18
12436868,31
12437548,41
12438220,38
12438900,21
12439580,12
12440252,12
12440932,11
12441612,11
12442284,12
12442960,12
12443636,14
12444308,12
12444988,10
12445660,10
12446332,11
12447012,10
12447684,14
12448356,10
12449036,10
12449708,10
12450380,10
12451060,10
12451732,14
12452412,12
12453088,13
12453764,18
12454444,24
12455120,21
12455796,14
12456476,19
12457156,12
12457828,13
12458508,11
12459188,13
12459860,12
12460540,11
12461220,12
12461892,10
12462572,10
12463252,11
12463924,10
12464604,10
12465284,17
12465956,26
12466636,30
12467316,27
12467988,26
12468668,12
12469348,28
12470020,34
12470700,16
12471380,9
12472000,10
12472684,14
12473364,20
12474036,28
12474716,22
12475388,17
12476068,12
12476748,14
12477420,18
12478092,16
12478772,12
12479444,10
12480116,10
12480792,13
12481468,13
12482140,14
12482820,10
12483492,10
12484164,20
12484840,28
12485516,26
12486196,26
12486876,36
12487548,18
12488228,12
12488904,39
12489580,40
12490260,14
12490940,54
12491612,84
12492292,100
12493024,104
12493752,52
12494420,18
12495096,12
12495772,14
12496444,14
12497120,13
12497796,10
12498476,14
12499152,17
12499828,12
12500508,16
12501184,17
12501860,11
12502540,10
12503220,12
12503892,11
12504572,12
12505252,13
12505924,10
12506600,16
12507284,30
12507956,27
12508636,19
12509316,13
12509988,18
12510668,30
12511348,21
12512020,13
12512696,10
12513380,11
12514052,14
12514732,14
12515412,10
12516084,11
12516764,11
12517444,12
12518116,12
12518796,14
12519476,12
12520148,10
12520828,10
12521508,10
12522180,10
12522860,14
12523540,12
12524212,10
12524892,10
12525564,12
12526244,12
12526924,14
12527596,14
12528268,11
12528948,10
12529620,16
12530292,17
12530972,18
12531644,19
12532316,24
12532996,10
12533668,20
12534340,14
12535020,12
12535692,11
12536372,15
12537052,12
12537724,10
12538404,10
12539084,12
12539756,11
12540436,14
12541116,25
12541788,16
12542468,11
12543148,15
12543820,14
12544500,10
12545176,20
12545852,31
12546528,24
12547212,18
12547884,14
12548564,10
12549244,16
12549916,18
12550596,18
12551276,16
12551948,14
12552628,10
12553308,10
12553980,10
12554660,10
12555340,9
12555960,17
12556644,22
12557324,21
12557996,10
12558676,18
12559348,26
12560020,28
12560696,14
12561372,24
12562044,36
12562724,32
12563396,32
12564068,22
12564748,12
12565420,10
12566092,13
12566772,10
12567444,12
12568120,12
12568804,14
12569476,14
12570156,10
12570836,9
12571456,10
12572140,10
12572820,10
12573492,10
12574172,11
12574852,13
12575524,14
12576204,12
12576880,11
12577556,10
12578236,11
12578916,12
12579588,10
12580268,10
12580948,9
12581568,11
12582252,10
12582932,11
12583604,11
12584284,11
12584956,13
12585636,18
12586316,14
12586988,12
12587660,10
12588340,13
12589012,14
12589684,12
12590364,12
12591036,11
12591708,13
12592388,18
12593060,26
12593732,26
12594412,20
12595084,10
12595764,12
12596444,14
12597116,12
12597796,17
12598476,25
12599148,19
12599828,46
12600508,55
12601180,37
12601860,32
12602540,15
12603212,17
12603892,10
12604572,10
12605244,11
12605924,12
12606604,11
12607276,10
12607956,10
12608636,12
12609308,13
12609988,14
12610668,14
12611340,14
12612020,10
12612700,14
12613372,11
12614052,14
12614732,11
12615404,11
12616084,14
12616760,11
12617436,11
12618116,10
12618796,12
12619468,11
12620148,12
12620828,15
12621500,14
12622180,15
12622860,12
12623532,20
12624212,33
12624884,38
12625556,24
12626236,11
12626908,11
12627580,10
12628260,10
12628932,10
12629604,10
12630284,10
12630956,14
12631628,13
12632308,10
12632980,11
12633660,20
12634340,15
12635012,12
12635692,16
12636372,23
12637044,26
12637724,14
12638404,10
12639076,16
12639756,18
12640436,11
12641108,10
12641788,11
12642468,12
12643140,11
12643820,10
12644500,12
12645172,12
12645852,10
12646532,10
12647204,14
12647884,17
12648564,13
12649236,10
12649916,10
12650596,20
12651268,44
12651948,47
12652628,34
12653300,17
12653980,16
12654660,47
12655332,38
12656012,42
12656692,43
12657364,32
12658044,26
12658724,23
12659396,11
12660076,39
12660756,39
12661428,18
12662108,12
12662780,20
12663460,26
12664140,27
12664812,12
12665484,18
12666164,11
12666836,18
12667512,35
12668188,42
12668860,12
12669532,27
12670212,30
12670888,19
12671556,14
12672236,11
12672908,12
12673588,19
12674268,16
12674940,11
12675620,16
12676300,15
12676972,12
12677652,16
12678332,16
12679004,10
12679684,10
12680364,9
12680984,11
12681668,11
12682348,9
12682968,11
12683652,14
12684332,13
12685004,13
12685684,12
12686364,13
12687036,10
12687716,17
12688396,21
12689068,14
12689748,18
12690420,32
12691092,38
12691772,36
12692448,18
12693116,11
12693796,12
12694468,11
12695140,11
12695820,12
12696496,13
12697168,15
12697844,16
12698516,12
12699192,14
12699868,20
12700540,22
12701220,18
12701900,13
12702572,12
12703252,14
12703932,11
12704604,11
12705284,14
12705964,15
12706636,10
12707316,12
12707996,11
12708668,14
12709348,15
12710028,12
12710700,11
12711380,11
12712060,10
12712732,10
12713412,12
12714092,11
12714764,36
12715444,52
12716124,47
12716796,23
12717476,18
12718156,49
12718828,74
12719508,42
12720188,29
12720860,24
12721540,17
12722220,17
12722892,17
12723572,10
12724252,13
12724924,17
12725604,13
12726284,13
12726956,14
12727636,20
12728308,11
12728984,17
12729660,22
12730332,19
12731004,11
12731684,16
12732356,24
12733028,14
12733708,11
12734380,11
12735056,12
12735732,12
12736408,11
12737084,10
12737764,10
12738436,10
12739116,10
12739796,10
12740468,16
12741148,26
12741828,16
12742500,16
12743180,18
12743860,12
12744532,31
12745212,32
12745892,19
12746564,24
12747244,22
12747924,14
12748596,11
12749276,10
12749956,11
12750628,11
12751308,10
12751988,12
12752664,11
12753340,10
12754020,13
12754692,14
12755372,12
12756052,11
12756724,10
12757404,12
12758084,10
12758756,12
12759436,12
12760116,19
12760788,20
12761468,10
12762148,22
12762820,22
12763500,16
12764180,11
12764852,10
12765532,11
12766204,45
12766884,55
12767564,39
12768240,13
12768908,22
12769588,19
12770260,12
12770932,11
12771612,10
12772284,16
12772960,24
12773636,22
12774312,19
12774984,13
12775660,18
12776336,32
12777012,24
12777692,11
12778364,17
12779044,16
12779724,12
12780396,10
12781076,10
12781756,17
12782432,23
12783108,16
12783788,13
12784460,11
12785140,12
12785820,23
12786492,35
12787172,38
12787852,19
12788524,14
12789204,32
12789884,59
12790556,32
12791236,12
12791916,12
12792592,11
12793268,22
12793948,21
12794624,13
12795300,16
12795980,22
12796656,36
12797332,32
12798012,12
12798688,10
12799364,13
12800044,15
12800712,15
12801388,14
12802064,12
12802732,12
12803408,23
12804076,14
12804748,21
12805424,31
12806100,23
12806772,14
12807448,11
12808116,23
12808788,38
12809464,27
12810140,14
12810812,12
12811488,16
12812164,16
12812840,29
12813516,33
12814188,24
12814864,10
12815544,29
12816220,44
12816896,53
12817572,27
12818244,12
12818920,19
12819600,13
12820276,11
12820952,19
12821632,35
12822308,18
12822984,11
12823664,12
12824340,12
12825016,13
12825696,13
12826372,11
12827048,12
12827728,16
12828396,14
12829072,14
12829752,13
12830428,10
12831104,11
12831784,9
12832408,13
12833088,12
12833756,12
12834428,12
12835104,12
12835780,14
12836452,10
12837128,13
12837804,12
12838476,22
12839152,20
12839828,14
12840504,17
12841180,16
12841852,10
12842528,11
12843208,13
12843884,14
12844560,11
12845240,11
12845916,12
12846596,14
12847272,25
12847948,18
12848628,10
12849308,17
12849980,24
12850656,16
12851340,15
12852012,16
12852688,15
12853364,18
12854036,14
12854712,10
12855396,11
12856068,13
12856744,13
12857428,13
12858100,11
12858780,11
12859460,12
12860132,12
12860812,11
12861488,19
12862164,40
12862840,46
12863520,28
12864196,10
12864872,16
12865548,27
12866220,14
12866896,14
12867572,20
12868244,35
12868920,24
12869596,16
12870268,16
12870948,10
12871620,10
12872292,11
12872968,20
12873644,16
12874316,10
12874996,11
12875668,12
12876344,18
12877020,23
12877692,20
12878368,20
12879052,19
12879724,12
12880404,10
12881080,25
12881756,40
12882436,31
12883112,17
12883788,10
12884464,20
12885144,28
12885820,23
12886496,15
12887176,14
12887852,14
12888532,14
12889212,13
12889884,12
12890560,12
12891240,11
12891916,12
12892596,12
12893276,16
12893948,18
12894628,11
12895308,12
12895980,10
12896660,10
12897336,12
12898012,14
12898692,11
12899372,12
12900044,11
12900724,15
12901404,15
12902076,15
12902756,28
12903432,33
12904108,34
12904784,13
12905460,18
12906132,40
12906808,56
12907484,60
12908156,40
12908836,35
12909508,22
12910180,18
12910860,16
12911532,18
12912204,26
12912884,22
12913556,22
12914232,20
12914908,11
12915580,24
12916260,30
12916940,17
12917612,12
12918292,11
12918972,12
12919644,10
12920324,10
12921000,11
12921676,10
12922356,10
12923036,11
12923708,10
12924388,12
12925068,11
12925740,11
12926420,20
12927100,12
12927772,14
12928452,10
12929128,13
12929804,10
12930480,11
12931160,11
12931836,23
12932516,42
12933196,20
12933868,24
12934548,46
12935224,44
12935900,16
12936580,12
12937260,33
12937932,50
12938612,52
12939292,31
12939964,14
12940644,10
12941324,11
12941996,11
12942676,16
12943348,18
12944020,15
12944696,12
12945364,17
12946036,11
12946712,12
12947388,16
12948060,12
12948736,18
12949412,16
12950084,11
12950764,16
12951436,26
12952116,28
12952796,31
12953468,18
12954148,14
12954824,29
12955500,36
12956180,20
12956856,9
12957480,15
12958160,13
12958844,12
12959516,13
12960196,11
12960872,14
12961548,19
12962224,16
12962908,21
12963580,28
12964260,26
12964936,15
12965612,10
12966288,18
12966972,32
12967644,32
12968324,26
12969000,16
12969676,31
12970352,54
12971036,29
12971708,17
12972388,10
12973068,21
12973740,32
12974420,16
12975092,11
12975764,12
12976444,12
12977116,20
12977788,18
12978468,11
12979140,10
12979812,14
12980492,12
12981164,10
12981836,10
12982516,10
12983188,10
12983864,10
12984548,10
12985220,12
12985900,10
12986580,11
12987252,14
12987932,23
12988612,25
12989284,16
12989964,13
12990644,11
12991316,22
12991996,16
12992676,12
12993348,11
12994028,32
12994708,69
12995380,72
12996060,28
12996740,11
12997412,10
12998092,10
12998772,17
12999444,20
13000124,22
13000804,21
13001476,18
13002156,12
13002836,15
13003508,14
13004188,10
13004868,10
13005540,10
13006220,12
13006900,16
13007572,30
13008252,35
13008928,13
13009604,16
13010280,16
13010964,13
13011636,10
13012316,14
13012988,13
13013668,12
13014348,22
13015020,19
13015692,16
13016372,16
13017044,12
13017716,14
13018396,16
13019068,26
13019740,27
13020420,20
13021092,10
13021764,10
13022444,13
13023116,10
13023796,14
13024476,18
13025148,16
13025828,13
13026508,13
13027180,22
13027860,12
13028540,12
13029212,18
13029892,32
13030572,43
13031244,12
13031924,20
13032604,23
13033276,22
13033956,21
13034636,16
13035308,11
13035988,18
13036668,24
13037340,20
13038020,14
13038700,17
13039372,25
13040052,24
13040732,25
13041404,24
13042084,14
13042764,23
13043436,24
13044116,26
13044796,36
13045468,24
13046148,11
13046828,17
13047500,16
13048180,10
13048860,15
13049532,25
13050212,20
13050892,13
13051564,18
13052244,11
13052916,10
13053588,11
13054268,14
13054940,20
13055612,20
13056292,11
13056964,13
13057636,31
13058316,30
13058988,11
13059660,18
13060340,22
13061012,18
13061688,14
13062372,39
13063044,22
13063724,10
13064404,12
13065076,11
13065756,10
13066436,14
13067108,32
13067788,20
13068468,13
13069140,11
13069820,11
13070500,11
13071172,10
13071852,10
13072532,10
13073204,11
13073884,10
13074564,11
13075236,10
13075916,10
13076596,11
13077268,12
13077948,11
13078628,10
13079300,11
13079980,10
13080660,10
13081332,10
13082012,18
13082692,25
13083364,18
13084044,12
13084724,14
13085396,12
13086076,30
13086756,28
13087428,18
13088108,12
13088788,15
13089460,14
13090140,20
13090812,15
13091492,10
13092172,10
13092844,16
13093516,29
13094196,32
13094872,31
13095540,11
13096220,27
13096892,22
13097564,10
13098244,10
13098916,10
13099588,10
13100268,12
13100940,12
13101620,12
13102300,18
13102976,14
13103652,11
13104332,11
13105004,11
13105684,10
13106364,11
13107040,10
13107716,10
13108392,11
13109060,11
13109736,14
13110412,15
13111084,14
13111760,22
13112436,22
13113108,12
13113784,24
13114464,14
13115132,26
13115808,30
13116492,34
13117164,18
13117840,12
13118520,16
13119196,11
13119876,10
13120556,12
13121228,12
13121904,14
13122580,19
13123248,41
13123928,38
13124596,22
13125268,12
13125944,28
13126612,47
13127284,41
13127960,22
13128628,14
13129300,10
13129976,13
13130644,10
13131320,20
13131996,30
13132668,48
13133344,48
13134024,42
13134692,20
13135368,45
13136048,90
13136716,74
13137392,38
13138072,10
13138748,18
13139424,13
13140100,16
13140772,18
13141448,17
13142128,17
13142804,12
13143480,20
13144160,21
13144836,18
13145512,16
13146196,13
13146868,10
13147544,12
13148224,11
13148900,16
13149576,11
13150252,17
13150924,17
13151600,13
13152280,12
13152956,12
13153632,16
13154312,22
13154980,16
13155656,16
13156332,14
13157004,17
13157680,16
13158356,14
13159028,12
13159704,13
13160380,12
13161052,12
13161728,10
13162396,10
13163068,10
13163744,10
13164420,10
13165096,13
13165776,11
13166452,10
13167128,13
13167812,16
13168484,16
13169160,15
13169840,12
13170516,24
13171192,18
13171876,13
13172548,10
13173224,16
13173904,14
13174580,18
13175256,20
13175936,40
13176612,27
13177292,16
13177972,21
13178644,24
13179320,20
13180000,11
13180676,22
13181356,20
13182036,15
13182708,13
13183388,10
13184068,23
13184740,24
13185416,12
13186096,11
13186772,10
13187448,11
13188128,16
13188804,12
13189480,11
13190160,15
13190828,24
13191504,22
13192180,16
13192852,12
13193528,24
13194204,32
13194876,23
13195552,11
13196228,18
13196900,27
13197576,11
13198252,30
13198924,37
13199604,27
13200276,12
13200952,36
13201624,61
13202300,49
13202976,27
13203656,13
13204332,12
13205008,15
13205688,12
13206364,12
13207044,19
13207720,24
13208396,18
13209072,16
13209756,25
13210428,28
13211104,33
13211780,25
13212452,12
13213128,10
13213808,10
13214476,12
13215152,10
13215832,11
13216508,11
13217184,11
13217860,12
13218532,12
13219208,11
13219888,12
13220556,10
13221232,10
13221912,11
13222588,10
13223264,12
13223932,18
13224612,11
13225288,14
13225964,12
13226636,14
13227316,12
13227988,18
13228660,10
13229340,22
13230012,22
13230684,19
13231360,10
13232036,18
13232708,12
13233384,11
13234060,12
13234736,15
13235420,12
13236092,10
13236768,13
13237448,12
13238124,22
13238800,13
13239480,13
13240156,20
13240836,16
13241512,12
13242188,16
13242864,15
13243544,12
13244220,11
13244896,11
13245576,11
13246252,10
13246932,12
13247612,9
13248232,11
13248912,14
13249588,23
13250260,32
13250940,28
13251616,15
13252292,15
13252968,30
13253648,20
13254324,14
13255004,12
13255676,11
13256356,10
13257032,13
13257708,22
13258380,20
13259060,20
13259732,14
13260404,11
13261084,12
13261756,14
13262428,32
13263104,34
13263780,27
13264452,18
13265128,11
13265804,28
13266484,14
13267160,12
13267836,10
13268516,27
13269192,51
13269868,42
13270548,19
13271228,33
13271900,37
13272580,14
13273256,24
13273932,30
13274608,24
13275288,19
13275964,20
13276644,12
13277320,17
13277996,14
13278676,10
13279356,11
13280028,11
13280704,19
13281380,18
13282052,13
13282728,10
13283408,12
13284084,14
13284760,18
13285436,14
13286108,11
13286784,14
13287464,17
13288140,14
13288816,26
13289496,15
13290172,10
13290852,12
13291532,32
13292204,36
13292880,16
13293556,12
13294228,20
13294904,20
13295580,20
13296252,16
13296928,10
13297604,10
13298276,10
13298952,15
13299628,22
13300300,14
13300980,13
13301652,11
13302328,11
13303004,15
13303676,24
13304356,36
13305036,29
13305708,11
13306388,11
13307068,11
13307740,10
13308420,11
13309100,13
13309772,14
13310452,13
13311132,14
13311804,19
13312484,38
13313160,49
13313828,25
13314504,19
13315180,47
13315852,62
13316528,49
13317204,23
13317876,16
13318552,11
13319232,13
13319908,16
13320584,18
13321264,15
13321932,10
13322608,13
13323288,10
13323956,10
13324632,13
13325308,13
13325988,11
13326664,12
13327340,10
13328012,20
13328688,20
13329356,10
13330028,10
13330704,15
13331380,15
13332052,10
13332728,10
13333404,10
13334076,12
13334752,15
13335428,12
13336104,10
13336784,11
13337460,10
13338140,11
13338816,14
13339492,14
13340168,11
13340848,13
13341516,14
13342196,13
13342876,16
13343548,12
13344228,12
13344904,9
13345528,17
13346208,36
13346888,41
13347564,32
13348244,12
13348920,26
13349596,56
13350276,53
13350956,29
13351628,12
13352308,12
13352988,11
13353660,13
13354336,11
13355008,10
13355684,14
13356360,16
13357036,10
13357708,20
13358388,34
13359060,30
13359732,24
13360412,21
13361084,26
13361756,15
13362436,42
13363108,21
13363780,14
13364456,16
13365132,32
13365808,26
13366488,14
13367156,13
13367832,18
13368516,24
13369188,15
13369864,16
13370544,28
13371220,30
13371896,22
13372580,14
13373252,10
13373932,10
13374612,13
13375284,11
13375964,12
13376644,11
13377316,12
13377992,11
13378672,11
13379348,12
13380024,12
13380704,13
13381380,24
13382056,28
13382740,45
13383412,18
13384092,28
13384768,25
13385444,16
13386124,40
13386804,58
13387476,36
13388156,19
13388836,11
13389508,12
13390184,11
13390868,13
13391540,11
13392220,11
13392892,13
13393572,12
13394252,12
13394924,10
13395596,10
13396276,12
13396948,18
13397620,14
13398300,10
13398972,10
13399644,10
13400324,11
13400996,10
13401668,18
13402344,14
13403020,10
13403700,12
13404380,10
13405052,10
13405732,11
13406412,11
13407084,12
13407764,16
13408444,21
13409116,22
13409796,12
13410476,13
13411148,14
13411828,12
13412508,11
13413180,12
13413860,17
13414540,11
13415212,36
13415888,33
13416572,23
13417244,16
13417920,12
13418600,33
13419276,46
13419956,24
13420636,12
13421308,12
13421988,15
13422668,28
13423340,26
13424020,14
13424696,15
13425372,20
13426052,29
13426732,36
13427404,18
13428084,11
13428764,12
13429436,10
13430116,12
13430796,20
13431468,22
13432148,24
13432820,22
13433492,20
13434172,12
13434844,12
13435516,14
13436196,18
13436868,21
13437540,22
13438220,25
13438892,19
13439564,12
13440244,12
13440912,24
13441588,26
13442264,21
13442940,16
13443616,11
13444292,21
13444964,26
13445640,21
13446316,15
13446988,12
13447664,16
13448344,11
13449020,14
13449696,19
13450372,19
13451044,11
13451720,30
13452400,33
13453076,26
13453752,27
13454432,11
13455108,10
13455788,18
13456464,24
13457140,24
13457816,11
13458496,28
13459172,16
13459852,21
13460528,26
13461204,22
13461880,13
13462560,14
13463236,16
13463912,12
13464596,11
13465268,14
13465948,34
13466620,42
13467300,34
13467976,18
13468652,11
13469324,16
13470000,12
13470676,10
13471348,18
13472028,16
13472700,14
13473372,12
13474048,19
13474724,16
13475396,12
13476076,12
13476748,11
13477424,23
13478104,34
13478780,17
13479456,11
13480136,16
13480812,42
13481488,49
13482168,28
13482844,11
13483520,16
13484200,37
13484876,42
13485552,24
13486236,21
13486908,18
13487584,23
13488268,19
13488940,10
13489616,12
13490296,16
13490972,12
13491652,12
13492328,16
13493004,14
13493680,12
13494364,11
13495036,10
13495716,10
13496396,9
13497016,24
13497696,32
13498376,30
13499052,22
13499728,12
13500404,24
13501076,22
13501756,14
13502428,24
13503100,23
13503780,20
13504452,10
13505124,20
13505800,38
13506476,46
13507148,50
13507828,35
13508500,18
13509176,16
13509852,20
13510524,14
13511204,11
13511884,16
13512556,16
13513236,10
13513916,19
13514588,14
13515268,14
13515948,30
13516620,23
13517300,14
13517976,11
13518652,18
13519328,41
13520008,43
13520684,14
13521360,15
13522036,11
13522708,10
13523384,18
13524064,20
13524740,16
13525416,12
13526100,12
13526772,13
13527448,14
13528128,12
13528804,10
13529480,11
13530164,12
13530836,10
13531516,14
13532196,13
13532868,10
13533544,12
13534224,13
13534900,11
13535580,12
13536252,15
13536932,12
13537612,11
13538284,14
13538956,16
13539636,16
13540308,10
13540980,16
13541656,20
13542332,18
13543004,31
13543684,38
13544356,28
13545028,14
13545704,10
13546380,16
13547060,22
13547740,30
13548412,34
13549092,30
13549772,18
13550444,14
13551124,28
13551804,19
13552476,20
13553156,12
13553836,16
13554508,19
13555188,22
13555868,21
13556540,10
13557220,11
13557900,11
13558572,12
13559248,16
13559932,19
13560604,24
13561280,32
13561964,33
13562636,22
13563316,10
13563996,9
13564616,13
13565300,41
13565980,39
13566652,30
13567332,21
13568012,30
13568684,16
13569360,11
13570028,34
13570700,54
13571376,35
13572052,22
13572724,58
13573404,46
13574076,44
13574748,34
13575424,14
13576100,27
13576772,28
13577452,32
13578124,58
13578804,36
13579480,10
13580156,20
13580836,22
13581512,18
13582188,14
13582868,12
13583548,15
13584220,19
13584896,14
13585576,13
13586252,12
13586932,10
13587612,15
13588284,26
13588964,14
13589640,13
13590316,10
13590996,10
13591676,20
13592348,20
13593028,28
13593708,30
13594380,12
13595060,20
13595740,31
13596412,32
13597092,28
13597772,29
13598444,18
13599124,20
13599804,35
13600476,12
13601152,46
13601828,47
13602500,32
13603176,43
13603860,27
13604532,16
13605208,19
13605884,23
13606556,14
13607232,12
13607908,15
13608580,30
13609256,24
13609932,12
13610604,18
13611280,12
13611956,14
13612628,14
13613308,10
13613980,12
13614652,12
13615328,10
13616004,10
13616680,11
13617356,18
13618028,26
13618704,23
13619388,13
13620060,20
13620736,29
13621412,22
13622084,12
13622760,12
13623440,21
13624116,16
13624792,19
13625472,12
13626148,30
13626824,50
13627504,61
13628180,46
13628856,12
13629536,24
13630212,47
13630892,66
13631568,51
13632244,20
13632920,15
13633596,12
13634268,12
13634944,13
13635624,12
13636300,28
13636980,46
13637656,20
13638332,12
13639012,16
13639692,14
13640364,12
13641040,13
13641708,15
13642380,11
13643056,19
13643732,18
13644404,14
13645080,19
13645756,16
13646428,10
13647104,17
13647780,18
13648452,18
13649128,14
13649804,10
13650480,11
13651160,11
13651836,10
13652516,10
13653192,13
13653868,26
13654548,31
13655228,25
13655900,20
13656580,10
13657260,28
13657932,31
13658612,12
13659292,26
13659964,44
13660644,48
13661320,35
13661996,10
13662676,26
13663356,25
13664028,21
13664704,15
13665388,25
13666060,34
13666740,14
13667420,11
13668092,10
13668772,17
13669452,56
13670124,39
13670804,11
13671480,33
13672156,60
13672836,38
13673516,17
13674188,20
13674868,23
13675548,12
13676220,12
13676900,14
13677580,29
13678252,34
13678932,34
13679604,40
13680276,34
13680956,16
13681628,48
13682300,44
13682980,46
13683652,44
13684324,32
13685000,14
13685676,19
13686348,28
13687028,19
13687700,36
13688376,16
13689056,36
13689732,43
13690408,23
13691092,12
13691764,22
13692444,28
13693124,24
13693796,26
13694476,11
13695156,33
13695828,12
13696508,32
13697184,13
13697860,24
13698536,38
13699220,36
13699892,22
13700568,22
13701252,33
13701924,42
13702604,21
13703280,13
13703956,10
13704636,18
13705316,25
13705988,10
13706668,29
13707348,12
13708020,44
13708700,59
13709380,46
13710052,12
13710732,15
13711412,11
13712084,10
13712760,10
13713444,12
13714116,12
13714796,12
13715476,11
13716148,22
13716828,18
13717500,17
13718180,11
13718860,12
13719532,10
13720204,17
13720884,24
13721556,18
13722232,27
13722908,32
13723580,20
13724252,10
13724928,17
13725604,16
13726276,16
13726956,16
13727628,24
13728308,12
13728984,28
13729660,26
13730336,24
13731020,16
13731692,16
13732372,30
13733052,25
13733724,20
13734404,12
13735080,41
13735756,42
13736436,42
13737116,39
13737788,21
13738468,19
13739148,40
13739820,39
13740500,36
13741180,13
13741852,40
13742532,50
13743212,35
13743884,18
13744564,39
13745244,44
13745916,10
13746596,18
13747276,15
13747948,10
13748628,12
13749308,22
13749980,48
13750660,47
13751340,39
13752012,25
13752692,15
13753372,51
13754044,58
13754724,30
13755404,11
13756076,27
13756756,14
13757432,22
13758104,27
13758780,12
13759452,11
13760124,11
13760800,12
13761476,16
13762148,14
13762828,10
13763500,10
13764172,16
13764848,18
13765516,11
13766196,10
13766876,11
13767548,11
13768224,12
13768904,17
13769580,24
13770260,23
13770936,11
13771612,24
13772292,56
13772972,37
13773644,12
13774320,28
13775000,33
13775676,19
13776356,21
13777032,13
13777708,32
13778388,34
13779068,19
13779740,50
13780420,31
13781100,12
13781772,18
13782452,42
13783128,34
13783804,15
13784484,12
13785160,52
13785836,102
13786564,55
13787240,21
13787916,22
13788596,33
13789276,23
13789948,18
13790628,24
13791308,52
13791980,50
13792660,14
13793340,25
13794012,44
13794688,29
13795368,13
13796044,12
13796720,10
13797404,13
13798076,26
13798756,20
13799436,10
13800108,19
13800784,17
13801460,14
13802132,18
13802812,10
13803484,16
13804156,12
13804836,24
13805508,18
13806180,12
13806860,10
13807532,10
13808204,11
13808880,22
13809556,38
13810232,35
13810908,33
13811580,10
13812260,42
13812940,44
13813612,37
13814292,30
13814972,111
13815696,70
13816372,30
13817052,11
13817724,18
13818404,26
13819084,28
13819756,24
13820436,34
13821116,31
13821792,37
13822468,20
13823148,13
13823820,14
13824500,42
13825176,80
13825844,70
13826520,31
13827200,15
13827876,17
13828552,24
13829232,17
13829908,14
13830588,13
13831264,11
13831940,14
13832620,28
13833300,12
13833972,44
13834652,40
13835332,24
13836004,12
13836684,28
13837364,33
13838036,30
13838716,32
13839396,17
13840068,14
13840744,22
13841424,12
13842100,10
13842776,12
13843452,22
13844132,24
13844812,10
13845484,11
13846156,10
13846832,44
13847508,63
13848180,82
13848856,29
13849532,32
13850204,79
13850880,87
13851556,82
13852228,16
13852904,28
13853580,34
13854260,33
13854940,11
13855612,11
13856292,12
13856968,41
13857644,37
13858320,20
13859000,12
13859676,32
13860356,48
13861036,29
13861708,24
13862388,23
13863068,12
13863740,12
13864420,24
13865100,17
13865772,16
13866448,12
13867128,13
13867804,11
13868484,13
13869164,15
13869836,22
13870516,38
13871196,49
13871868,40
13872548,15
13873228,11
13873900,12
13874580,21
13875260,21
13875932,14
13876612,15
13877292,19
13877964,14
13878644,13
13879324,19
13879996,29
13880676,28
13881356,17
13882028,18
13882708,21
13883380,20
13884052,26
13884732,12
13885404,41
13886076,54
13886756,38
13887428,11
13888100,43
13888776,84
13889452,53
13890124,20
13890804,23
13891476,50
13892152,44
13892828,14
13893500,12
13894180,17
13894860,21
13895532,25
13896212,30
13896892,34
13897564,22
13898244,18
13898924,19
13899596,12
13900276,12
13900956,28
13901628,48
13902308,46
13902988,21
13903660,20
13904340,42
13905020,29
13905692,23
13906372,17
13907052,20
13907724,31
13908404,20
13909084,15
13909756,14
13910436,22
13911116,32
13911788,18
13912468,12
13913148,12
13913820,12
13914500,16
13915180,53
13915856,58
13916532,16
13917212,65
13917884,83
13918564,76
13919244,16
13919916,10
13920596,11
13921268,11
13921940,33
13922620,24
13923292,15
13923964,18
13924644,10
13925316,11
13925988,31
13926668,66
13927340,83
13928012,67
13928688,20
13929356,70
13930036,84
13930712,65
13931388,36
13932068,14
13932744,12
13933420,11
13934100,12
13934776,28
13935452,14
13936132,49
13936808,65
13937484,41
13938160,16
13938840,96
13939516,80
13940196,14
13940872,45
13941548,48
13942228,37
13942908,15
13943580,30
13944260,27
13944940,16
13945612,22
13946288,18
13946972,12
13947644,14
13948324,22
13949004,23
13949676,19
13950356,25
13951036,15
13951708,11
13952388,24
13953064,11
13953740,32
13954420,48
13955100,41
13955772,26
13956452,10
13957132,27
13957804,48
13958480,38
13959156,14
13959828,44
13960508,70
13961180,40
13961852,20
13962532,12
13963204,14
13963876,14
13964556,11
13965228,10
13965900,14
13966580,31
13967252,21
13967928,15
13968612,12
13969284,34
13969960,62
13970640,75
13971316,74
13971996,35
13972676,35
13973348,64
13974028,82
13974708,73
13975380,40
13976060,17
13976740,21
13977412,20
13978092,14
13978768,13
13979444,38
13980124,11
13980804,19
13981476,17
13982156,26
13982836,30
13983508,25
13984188,22
13984864,17
13985540,40
13986220,14
13986900,39
13987572,53
13988252,40
13988932,19
13989604,16
13990284,70
13990964,76
13991636,22
13992316,12
13992996,13
13993668,25
13994348,24
13995028,10
13995700,11
13996380,12
13997052,18
13997732,20
13998412,38
13999084,60
13999756,58
14000436,36
14001108,16
14001780,42
14002460,74
14003132,100
14003856,68
14004540,26
14005212,16
14005884,20
14006564,29
14007236,27
14007908,21
14008588,18
14009260,25
14009932,19
14010608,14
14011284,14
14011960,18
14012636,46
14013308,106
14014040,70
14014716,40
14015388,32
14016060,16
14016736,11
14017412,14
14018092,11
14018772,20
14019444,60
14020124,52
14020804,25
14021476,28
14022156,54
14022836,31
14023508,11
14024188,10
14024868,33
14025540,12
14026220,12
14026900,25
14027572,18
14028252,16
14028932,12
14029604,24
14030280,22
14030964,11
14031636,14
14032316,29
14032996,37
14033668,38
14034348,20
14035028,33
14035700,40
14036380,24
14037060,95
14037732,116
14038464,83
14039140,25
14039812,76
14040492,182
14041224,60
14041900,25
14042580,16
14043260,13
14043932,11
14044612,26
14045292,67
14045964,66
14046644,16
14047324,25
14047996,17
14048676,29
14049356,21
14050028,26
14050708,26
14051388,12
14052060,14
14052740,16
14053420,12
14054092,21
14054772,36
14055452,32
14056124,18
14056804,27
14057484,33
14058156,18
14058836,14
14059508,27
14060180,22
14060860,22
14061532,39
14062204,27
14062884,14
14063556,29
14064228,53
14064908,32
14065580,12
14066252,42
14066932,68
14067604,32
14068284,12
14068964,30
14069636,84
14070316,84
14070996,38
14071668,14
14072348,14
14073028,11
14073700,13
14074380,19
14075060,20
14075732,16
14076412,19
14077092,20
14077768,14
14078444,18
14079124,15
14079800,11
14080476,14
14081152,19
14081828,14
14082504,11
14083184,19
14083860,32
14084536,27
14085216,13
14085892,26
14086568,18
14087248,13
14087924,14
14088604,18
14089284,12
14089956,11
14090636,42
14091312,43
14091988,36
14092668,15
14093348,31
14094020,40
14094696,39
14095380,21
14096052,28
14096728,39
14097396,40
14098068,74
14098748,59
14099420,28
14100092,10
14100768,15
14101444,52
14102116,96
14102796,94
14103468,13
14104140,46
14104820,82
14105492,167
14106220,64
14106900,12
14107572,38
14108244,56
14108920,46
14109596,60
14110268,44
14110948,16
14111620,20
14112300,22
14112976,55
14113652,56
14114332,70
14115012,39
14115684,16
14116364,54
14117044,61
14117716,38
14118396,14
14119076,54
14119748,78
14120428,27
14121108,24
14121780,36
14122460,11
14123140,28
14123812,12
14124492,23
14125172,15
14125844,28
14126524,28
14127204,14
14127876,42
14128556,37
14129236,76
14129908,86
14130588,58
14131268,21
14131940,70
14132616,145
14133348,72
14134028,19
14134704,16
14135388,29
14136060,28
14136736,16
14137420,17
14138092,70
14138772,26
14139452,14
14140124,12
14140804,11
14141480,17
14142156,18
14142836,20
14143516,21
14144188,14
14144864,16
14145544,16
14146220,12
14146900,24
14147572,36
14148244,30
14148924,26
14149596,37
14150268,30
14150948,13
14151620,14
14152292,11
14152972,14
14153644,18
14154316,26
14154996,24
14155668,68
14156344,88
14157028,14
14157700,28
14158380,16
14159060,16
14159732,12
14160412,11
14161088,28
14161764,49
14162444,69
14163124,77
14163796,29
14164476,13
14165156,43
14165828,44
14166508,42
14167188,17
14167860,12
14168540,16
14169220,31
14169892,46
14170572,32
14171252,17
14171924,26
14172604,16
14173284,13
14173956,12
14174636,40
14175316,31
14175988,19
14176668,11
14177344,20
14178020,20
14178700,26
14179380,15
14180052,12
14180732,18
14181412,17
14182084,14
14182764,42
14183440,50
14184116,28
14184796,38
14185468,41
14186148,42
14186828,62
14187500,16
14188172,34
14188852,10
14189524,24
14190196,50
14190876,18
14191548,12
14192220,12
14192900,26
14193572,28
14194244,18
14194924,10
14195596,18
14196276,10
14196956,32
14197628,24
14198308,11
14198988,49
14199660,14
14200340,27
14201020,17
14201692,14
14202372,11
14203052,12
14203724,26
14204404,36
14205084,28
14205756,23
14206436,36
14207116,13
14207792,31
14208468,35
14209144,13
14209820,12
14210500,11
14211180,11
14211852,11
14212532,11
14213212,13
14213884,22
14214564,26
14215240,13
14215916,34
14216596,24
14217276,21
14217948,13
14218628,12
14219308,33
14219980,46
14220660,37
14221340,18
14222012,18
14222692,48
14223372,15
14224044,48
14224720,20
14225396,35
14226068,74
14226748,71
14227420,15
14228092,10
14228772,14
14229444,14
14230116,13
14230796,16
14231468,17
14232140,11
14232820,11
14233492,12
14234172,16
14234852,24
14235524,25
14236204,13
14236884,9
14237504,11
14238188,19
14238868,20
14239540,18
14240220,32
14240896,33
14241572,11
14242252,14
14242932,25
14243604,18
14244284,12
14244964,11
14245636,28
14246316,38
14246996,45
14247668,16
14248348,12
14249028,64
14249700,118
14250432,65
14251108,13
14251780,19
14252460,13
14253140,17
14253812,16
14254492,10
14255172,13
14255844,18
14256524,22
14257204,15
14257876,16
14258556,32
14259236,30
14259908,22
14260588,14
14261268,53
14261940,26
14262620,26
14263292,13
14263972,10
14264652,12
14265324,11
14265996,11
14266676,11
14267348,15
14268020,28
14268700,30
14269372,13
14270044,22
14270724,30
14271396,18
14272068,14
14272744,24
14273420,17
14274100,66
14274780,63
14275452,30
14276132,26
14276812,55
14277484,94
14278164,36
14278844,11
14279516,26
14280196,30
14280876,28
14281548,18
14282228,14
14282908,28
14283580,18
14284260,38
14284940,29
14285612,26
14286292,62
14286972,64
14287644,32
14288324,70
14289004,41
14289676,24
14290356,54
14291036,32
14291712,33
14292388,40
14293068,24
14293740,15
14294420,19
14295100,31
14295772,26
14296452,26
14297132,11
14297804,16
14298484,78
14299164,21
14299836,16
14300516,12
14301196,16
14301868,11
14302548,10
14303220,10
14303892,17
14304572,28
14305244,20
14305916,12
14306596,24
14307268,20
14307940,10
14308620,15
14309292,25
14309964,32
14310644,12
14311316,26
14311996,22
14312676,26
14313348,27
14314028,20
14314708,12
14315384,28
14316060,54
14316740,56
14317416,37
14318092,14
14318772,28
14319444,58
14320124,30
14320804,11
14321476,32
14322156,26
14322836,22
14323512,13
14324188,19
14324868,12
14325540,19
14326220,28
14326900,31
14327572,40
14328252,42
14328932,92
14329608,96
14330284,28
14330964,18
14331636,18
14332316,12
14332996,11
14333672,12
14334348,11
14335028,12
14335704,11
14336384,10
14337056,15
14337732,26
14338408,31
14339088,22
14339764,14
14340440,10
14341116,16
14341796,15
14342476,12
14343148,39
14343820,44
14344500,11
14345172,28
14345844,42
14346520,19
14347196,12
14347868,10
14348548,15
14349220,42
14349892,62
14350572,12
14351244,13
14351924,14
14352604,24
14353276,24
14353956,16
14354636,9
14355256,11
14355940,56
14356620,61
14357292,44
14357972,25
14358652,12
14359324,28
14360004,31
14360684,27
14361356,15
14362036,12
14362716,17
14363388,11
14364068,19
14364748,13
14365420,41
14366100,38
14366780,15
14367452,19
14368132,14
14368808,17
14369484,34
14370164,12
14370844,29
14371516,81
14372196,46
14372876,12
14373548,20
14374228,24
14374900,11
14375572,30
14376252,20
14376924,17
14377596,22
14378276,14
14378948,10
14379620,16
14380300,26
14380972,26
14381644,26
14382324,12
14382996,27
14383676,24
14384356,12
14385028,12
14385708,10
14386388,18
14387060,13
14387740,16
14388420,42
14389092,52
14389772,26
14390452,41
14391124,80
14391804,62
14392484,19
14393156,22
14393836,44
14394516,90
14395188,129
14395920,70
14396596,23
14397268,90
14397948,111
14398680,98
14399356,46
14400036,46
14400712,106
14401432,63
14402100,14
14402776,76
14403452,114
14404180,12
14404856,10
14405532,20
14406204,30
14406884,12
14407556,16
14408236,15
14408912,15
14409588,34
14410268,12
14410944,11
14411620,10
14412300,10
14412980,10
14413652,18
14414332,11
14415012,14
14415684,10
14416364,14
14417044,11
14417716,25
14418396,14
14419072,15
14419748,16
14420424,11
14421104,13
14421780,34
14422456,23
14423136,25
14423812,52
14424492,51
14425168,49
14425844,12
14426520,42
14427200,53
14427876,30
14428556,22
14429232,20
14429908,28
14430588,72
14431268,27
14431940,24
14432620,30
14433300,17
14433972,17
14434648,28
14435324,20
14436004,20
14436680,30
14437356,34
14438028,10
14438708,34
14439380,44
14440052,52
14440728,24
14441396,14
14442068,18
14442744,22
14443420,16
14444092,12
14444768,11
14445444,11
14446120,15
14446800,35
14447476,56
14448156,26
14448832,44
14449508,66
14450188,58
14450868,37
14451540,20
14452216,37
14452900,45
14453572,47
14454252,42
14454932,17
14455604,12
14456284,22
14456964,11
14457636,23
14458312,14
14458996,31
14459668,79
14460348,103
14461076,42
14461756,41
14462436,137
14463168,116
14463896,32
14464568,14
14465240,18
14465916,22
14466592,14
14467272,45
14467948,50
14468624,36
14469304,15
14469980,34
14470656,63
14471336,35
14472012,12
14472688,18
14473368,22
14474044,24
14474724,19
14475400,17
14476076,18
14476756,24
14477436,12
14478108,14
14478788,22
14479468,25
14480140,20
14480816,10
14481496,12
14482172,30
14482852,52
14483532,32
14484204,24
14484880,12
14485560,15
14486236,15
14486916,42
14487596,43
14488268,28
14488948,10
14489628,11
14490300,23
14490976,24
14491656,27
14492332,13
14493008,18
14493684,14
14494356,14
14495036,15
14495708,14
14496380,28
14497056,35
14497732,46
14498404,20
14499084,12
14499756,24
14500428,12
14501104,18
14501780,24
14502456,22
14503132,34
14503804,70
14504484,48
14505160,47
14505836,18
14506516,56
14507196,60
14507868,27
14508548,12
14509228,28
14509900,32
14510580,12
14511260,37
14511932,27
14512612,10
14513292,30
14513964,42
14514644,38
14515324,27
14515996,14
14516676,36
14517356,26
14518028,26
14518708,16
14519388,12
14520060,41
14520740,43
14521420,36
14522092,30
14522772,16
14523452,11
14524124,11
14524804,12
14525484,13
14526156,14
14526836,32
14527516,48
14528188,33
14528864,25
14529544,13
14530220,20
14530900,26
14531572,19
14532244,12
14532924,13
14533596,12
14534268,46
14534948,34
14535620,11
14536292,22
14536972,38
14537644,27
14538316,12
14538996,12
14539668,12
14540348,14
14541028,14
14541700,12
14542376,10
14543060,12
14543732,12
14544412,10
14545088,12
14545764,10
14546444,15
14547120,30
14547796,29
14548476,32
14549156,21
14549828,14
14550508,22
14551188,50
14551860,23
14552540,12
14553220,16
14553892,10
14554572,18
14555252,28
14555924,12
14556604,30
14557284,60
14557956,60
14558636,52
14559316,28
14559988,45
14560668,92
14561348,88
14562020,56
14562700,40
14563380,25
14564052,14
14564732,34
14565412,37
14566084,20
14566764,14
14567440,43
14568116,37
14568796,12
14569468,47
14570148,70
14570828,62
14571500,16
14572172,53
14572852,74
14573524,29
14574196,40
14574876,32
14575548,12
14576220,72
14576900,104
14577624,12
14578292,14
14578972,28
14579644,54
14580316,27
14580996,24
14581668,46
14582340,66
14583020,28
14583692,11
14584372,12
14585052,11
14585724,12
14586400,12
14587084,12
14587756,10
14588436,12
14589116,25
14589788,26
14590468,29
14591148,16
14591820,44
14592500,34
14593176,16
14593852,10
14594528,17
14595208,21
14595884,22
14596560,20
14597244,35
14597916,46
14598596,23
14599272,23
14599948,32
14600628,34
14601308,20
14601980,32
14602660,26
14603336,11
14604012,10
14604692,10
14605372,9
14605992,15
14606676,30
14607348,24
14608020,12
14608696,14
14609372,16
14610044,30
14610724,27
14611396,14
14612068,12
14612748,50
14613420,71
14614092,44
14614772,12
14615444,64
14616120,125
14616856,108
14617576,36
14618248,14
14618920,16
14619596,26
14620268,29
14620948,15
14621620,10
14622292,30
14622972,30
14623644,12
14624316,10
14624996,30
14625668,48
14626348,18
14627028,28
14627700,31
14628380,24
14629060,13
14629732,21
14630412,14
14631088,12
14631764,14
14632444,10
14633124,15
14633796,12
14634476,18
14635156,15
14635828,17
14636508,27
14637188,20
14637860,13
14638540,27
14639220,19
14639892,14
14640572,10
14641252,12
14641924,13
14642604,27
14643284,28
14643956,23
14644636,24
14645316,16
14645988,10
14646668,12
14647348,9
14647968,13
14648652,38
14649324,36
14649996,30
14650676,18
14651348,14
14652020,12
14652700,16
14653372,25
14654044,24
14654724,11
14655396,30
14656068,44
14656744,41
14657420,34
14658100,24
14658780,17
14659452,14
14660132,34
14660812,45
14661484,34
14662164,30
14662844,11
14663516,46
14664196,41
14664876,15
14665548,11
14666228,20
14666908,39
14667580,40
14668260,27
14668940,27
14669612,14
14670292,49
14670972,59
14671644,39
14672324,20
14673004,12
14673676,10
14674356,10
14675036,13
14675708,18
14676388,22
14677068,12
14677740,19
14678420,18
14679100,13
14679772,18
14680452,50
14681132,79
14681804,86
14682484,48
14683164,41
14683836,80
14684516,72
14685196,74
14685868,70
14686548,50
14687220,28
14687892,11
14688572,16
14689244,21
14689916,10
14690596,10
14691268,12
14691940,14
14692620,13
14693292,11
14693964,11
14694644,12
14695316,23
14695992,24
14696676,26
14697348,18
14698028,12
14698708,34
14699380,17
14700060,22
14700740,25
14701416,18
14702092,11
14702772,25
14703444,26
14704124,23
14704804,13
14705476,10
14706156,16
14706836,33
14707508,42
14708188,51
14708868,33
14709540,18
14710220,48
14710900,75
14711572,69
14712252,19
14712932,13
14713608,12
14714284,32
14714964,36
14715636,38
14716316,26
14716996,14
14717668,49
14718348,82
14719028,43
14719704,18
14720380,10
14721056,13
14721732,22
14722412,14
14723092,15
14723764,12
14724444,14
14725116,22
14725796,14
14726476,11
14727148,20
14727820,26
14728500,32
14729172,25
14729844,11
14730524,33
14731196,41
14731868,27
14732548,21
14733220,33
14733892,16
14734572,23
14735244,41
14735924,54
14736604,54
14737276,54
14737956,14
14738636,32
14739308,27
14739988,20
14740668,83
14741340,94
14742020,71
14742700,26
14743372,13
14744052,10
14744732,20
14745404,17
14746084,16
14746760,17
14747428,18
14748104,22
14748784,19
14749460,14
14750136,11
14750820,12
14751492,11
14752172,12
14752848,11
14753516,10
14754196,19
14754876,15
14755548,12
14756228,13
14756904,15
14757580,10
14758260,30
14758940,35
14759612,20
14760292,16
14760968,11
14761644,12
14762320,24
14762996,16
14763668,26
14764348,40
14765020,25
14765692,16
14766372,22
14767044,16
14767716,14
14768396,11
14769068,23
14769740,35
14770420,26
14771092,11
14771768,12
14772452,10
14773124,12
14773800,11
14774480,12
14775156,11
14775836,14
14776516,27
14777188,51
14777868,65
14778548,64
14779220,48
14779900,28
14780580,53
14781252,41
14781932,36
14782612,28
14783284,30
14783964,46
14784644,46
14785316,42
14785996,31
14786676,10
14787348,10
14788028,13
14788704,17
14789380,25
14790060,26
14790740,17
14791412,14
14792092,15
14792768,15
14793444,13
14794124,22
14794804,17
14795476,18
14796156,41
14796836,63
14797508,62
14798188,14
14798868,39
14799540,58
14800220,103
14800948,56
14801628,23
14802304,22
14802988,12
14803660,10
14804340,15
14805020,27
14805692,26
14806372,16
14807052,19
14807724,19
14808404,34
14809076,15
14809748,12
14810424,16
14811100,27
14811772,19
14812452,13
14813124,17
14813796,10
14814476,14
14815148,12
14815820,18
14816500,18
14817172,12
14817848,17
14818532,21
14819204,10
14819880,17
14820564,21
14821236,22
14821916,14
14822596,37
14823268,60
14823948,47
14824628,24
14825300,11
14825980,14
14826660,29
14827332,32
14828012,50
14828692,47
14829364,32
14830044,12
14830724,36
14831396,50
14832076,50
14832756,20
14833428,12
14834108,23
14834788,19
14835460,10
14836140,14
14836820,13
14837492,12
14838172,30
14838852,33
14839524,12
14840204,10
14840884,14
14841556,18
14842236,14
14842916,19
14843588,18
14844268,12
14844948,20
14845620,18
14846300,28
14846972,13
14847652,33
14848332,52
14849004,34
14849676,12
14850352,13
14851028,16
14851700,16
14852376,10
14853052,10
14853724,10
14854400,13
14855076,12
14855748,14
14856424,12
14857100,12
14857780,21
14858456,42
14859132,47
14859812,22
14860492,17
14861164,36
14861844,30
14862524,10
14863196,11
14863876,12
14864556,29
14865228,39
14865908,20
14866588,61
14867260,56
14867940,31
14868620,12
14869292,12
14869968,15
14870652,23
14871324,19
14872004,14
14872680,25
14873356,14
14874036,14
14874716,16
14875388,12
14876068,25
14876748,37
14877420,19
14878100,17
14878780,21
14879452,19
14880132,22
14880808,24
14881484,16
14882160,16
14882844,11
14883516,10
14884196,24
14884872,51
14885548,50
14886228,13
14886900,30
14887572,42
14888252,28
14888924,40
14889596,76
14890276,52
14890948,22
14891620,46
14892300,32
14892972,11
14893644,16
14894324,26
14894996,26
14895672,27
14896356,19
14897028,10
14897708,23
14898388,12
14899060,20
14899740,12
14900420,12
14901092,30
14901772,33
14902452,21
14903124,15
14903804,14
14904484,52
14905156,54
14905836,20
14906516,11
14907188,16
14907868,14
14908548,12
14909220,28
14909900,46
14910580,41
14911252,15
14911932,10
14912612,18
14913284,18
14913960,13
14914644,17
14915316,12
14915996,11
14916676,16
14917348,12
14918028,14
14918708,16
14919380,10
14920060,14
14920736,16
14921412,10
14922092,13
14922772,45
14923444,49
14924124,12
14924796,11
14925476,12
14926156,16
14926828,43
14927500,30
14928180,10
14928852,40
14929524,40
14930204,11
14930876,20
14931548,18
14932228,34
14932900,30
14933572,14
14934252,32
14934924,36
14935604,22
14936284,22
14936956,52
14937636,62
14938316,13
14938988,22
14939668,13
14940348,40
14941020,68
14941700,50
14942380,13
14943056,26
14943732,16
14944412,15
14945084,28
14945764,25
14946444,23
14947116,12
14947796,28
14948476,39
14949152,14
14949828,20
14950508,17
14951180,18
14951860,13
14952540,12
14953212,25
14953892,16
14954572,12
14955244,12
14955924,10
14956604,15
14957276,20
14957956,12
14958636,14
14959308,14
14959988,14
14960668,15
14961340,19
14962020,20
14962700,15
14963372,16
14964048,15
14964724,18
14965396,30
14966076,16
14966748,11
14967420,11
14968100,12
14968772,14
14969444,29
14970124,31
14970796,17
14971468,12
14972148,10
14972820,11
14973496,12
14974180,12
14974852,20
14975532,14
14976212,12
14976884,14
14977560,17
14978244,26
14978916,14
14979596,34
14980276,57
14980948,50
14981628,26
14982308,17
14982980,42
14983660,42
14984340,12
14985012,13
14985692,28
14986372,21
14987044,12
14987724,27
14988404,20
14989076,13
14989756,33
14990436,51
14991108,38
14991788,14
14992468,12
14993140,12
14993820,17
14994500,17
14995172,22
14995852,22
14996532,21
14997204,10
14997884,28
14998564,61
14999236,36
14999916,12
15000596,28
15001268,23
15001948,14
15002620,16
15003300,19
15003980,10
15004652,12
15005324,14
15006004,19
15006676,16
15007348,11
15008028,12
15008700,16
15009372,27
15010052,17
15010724,44
15011396,65
15012076,59
15012748,30
15013428,26
15014108,74
15014784,78
15015460,35
15016140,28
15016812,18
15017492,11
15018172,12
15018844,11
15019524,10
15020204,12
15020876,12
15021556,12
15022236,11
15022908,10
15023588,18
15024268,27
15024940,11
15025620,18
15026300,17
15026976,17
15027652,14
15028332,13
15029004,11
15029684,16
15030364,11
15031040,15
15031716,18
15032396,14
15033068,14
15033748,34
15034428,25
15035100,16
15035780,10
15036460,11
15037136,11
15037812,24
15038492,23
15039168,11
15039844,26
15040524,13
15041196,27
15041876,26
15042548,19
15043220,12
15043900,12
15044572,10
15045244,12
15045924,26
15046596,24
15047268,38
15047948,46
15048620,41
15049292,19
15049972,39
15050644,81
15051324,77
15052004,47
15052676,10
15053356,14
15054036,11
15054708,11
15055388,14
15056068,16
15056740,12
15057420,14
15058100,14
15058772,34
15059452,38
15060132,12
15060804,10
15061484,10
15062164,40
15062836,16
15063516,34
15064196,34
15064868,22
15065548,18
15066228,19
15066900,14
15067580,14
15068260,17
15068932,10
15069612,14
15070292,11
15070968,17
15071644,36
15072324,34
15072996,18
15073676,21
15074356,13
15075028,40
15075708,28
15076388,13
15077060,11
15077740,10
15078420,11
15079092,10
15079772,12
15080444,12
15081124,10
15081804,12
15082476,10
15083148,16
15083828,22
15084500,20
15085172,11
15085852,18
15086524,22
15087196,10
15087876,22
15088548,17
15089220,12
15089900,16
15090572,51
15091252,27
15091932,11
15092604,10
15093284,20
15093964,34
15094636,16
15095316,10
15095996,10
15096672,10
15097348,10
15098028,15
15098700,15
15099380,10
15100060,14
15100732,28
15101412,27
15102092,17
15102764,20
15103444,33
15104124,20
15104796,15
15105476,22
15106156,19
15106828,11
15107508,21
15108188,22
15108860,12
15109540,42
15110220,41
15110892,22
15111572,12
15112252,16
15112924,28
15113604,30
15114284,17
15114956,10
15115636,10
15116316,12
15116988,21
15117668,16
15118348,17
15119020,31
15119700,20
15120372,11
15121044,22
15121724,11
15122396,11
15123068,11
15123748,16
15124420,22
15125092,25
15125772,28
15126444,24
15127116,20
15127796,12
15128468,12
15129148,20
15129828,25
15130500,17
15131180,10
15131860,17
15132532,21
15133212,18
15133892,13
15134564,10
15135244,14
15135924,13
15136600,17
15137276,14
15137956,19
15138628,15
15139308,11
15139988,20
15140660,48
15141340,56
15142020,33
15142696,13
15143372,22
15144052,56
15144724,44
15145404,26
15146084,21
15146756,12
15147436,13
15148116,12
15148788,31
15149468,36
15150148,17
15150820,23
15151500,42
15152180,75
15152852,78
15153532,64
15154212,15
15154888,96
15155564,96
15156244,85
15156916,45
15157596,19
15158268,16
15158948,21
15159628,30
15160300,39
15160972,18
15161652,10
15162324,10
15162996,16
15163676,10
15164348,12
15165020,15
15165700,12
15166372,13
15167044,23
15167724,26
15168396,11
15169076,11
15169756,11
15170428,39
15171108,33
15171788,14
15172460,12
15173140,12
15173820,19
15174492,20
15175172,15
15175852,47
15176524,64
15177204,20
15177884,44
15178556,50
15179236,32
15179916,16
15180592,11
15181268,18
15181948,36
15182620,35
15183300,31
15183980,29
15184656,16
15185332,16
15186012,15
15186684,24
15187364,45
15188044,47
15188716,36
15189396,20
15190076,11
15190752,12
15191428,12
15192108,17
15192780,31
15193460,40
15194140,38
15194816,14
15195492,46
15196172,54
15196844,32
15197524,18
15198196,19
15198872,26
15199548,16
15200224,11
15200892,18
15201572,12
15202244,10
15202916,19
15203596,22
15204268,15
15204940,11
15205620,18
15206292,13
15206972,12
15207652,19
15208324,14
15209004,12
15209684,21
15210356,12
15211036,10
15211716,10
15212388,20
15213068,46
15213748,33
15214420,12
15215100,29
15215780,51
15216452,38
15217132,20
15217812,13
15218484,11
15219164,24
15219844,41
15220516,36
15221196,23
15221876,15
15222548,16
15223228,27
15223908,12
15224584,14
15225260,16
15225940,12
15226612,12
15227292,16
15227972,25
15228648,37
15229324,26
15230004,15
15230676,10
15231356,10
15232036,26
15232708,27
15233388,19
15234068,20
15234740,19
15235420,25
15236092,19
15236772,12
15237452,11
15238124,27
15238796,30
15239476,14
15240148,12
15240820,12
15241500,12
15242172,11
15242844,14
15243524,30
15244196,52
15244868,38
15245548,14
15246220,12
15246900,12
15247580,24
15248252,26
15248932,15
15249612,20
15250284,32
15250964,12
15251644,23
15252316,26
15252996,30
15253676,30
15254348,23
15255028,10
15255708,16
15256380,21
15257060,21
15257740,38
15258412,42
15259092,34
15259772,15
15260444,28
15261124,57
15261804,45
15262476,10
15263156,14
15263836,15
15264508,10
15265188,12
15265868,11
15266540,10
15267220,11
15267900,12
15268572,11
15269252,10
15269932,11
15270604,11
15271284,11
15271964,23
15272636,29
15273316,24
15273996,17
15274668,47
15275348,50
15276024,25
15276692,14
15277372,42
15278048,28
15278720,14
15279396,10
15280068,26
15280740,46
15281420,38
15282092,22
15282764,22
15283444,11
15284116,12
15284792,15
15285476,20
15286148,10
15286828,12
15287508,10
15288180,10
15288860,12
15289540,14
15290212,22
15290892,35
15291572,25
15292244,12
15292924,30
15293604,39
15294276,40
15294956,28
15295636,12
15296312,13
15296988,24
15297668,28
15298340,11
15299020,10
15299700,11
15300372,15
15301052,10
15301732,11
15302408,18
15303084,26
15303764,17
15304436,26
15305116,46
15305796,61
15306468,31
15307148,14
15307828,21
15308504,13
15309180,14
15309860,19
15310532,20
15311212,10
15311892,14
15312568,18
15313244,22
15313920,12
15314596,12
15315276,15
15315948,11
15316624,12
15317300,11
15317976,12
15318648,15
15319324,10
15319996,12
15320672,11
15321348,10
15322024,22
15322692,42
15323372,23
15324044,12
15324724,28
15325404,40
15326080,44
15326756,12
15327436,13
15328112,25
15328788,24
15329468,13
15330140,27
15330820,47
15331500,54
15332176,47
15332852,24
15333532,14
15334208,21
15334884,17
15335564,11
15336240,10
15336916,11
15337596,11
15338272,11
15338948,10
15339628,11
15340300,11
15340980,32
15341660,65
15342336,68
15343012,39
15343692,19
15344368,78
15345044,80
15345724,49
15346400,24
15347076,16
15347756,16
15348432,14
15349108,12
15349788,13
15350460,16
15351140,10
15351820,15
15352496,11
15353172,12
15353848,17
15354520,26
15355200,18
15355872,12
15356544,15
15357224,11
15357896,25
15358568,24
15359252,18
15359928,31
15360604,20
15361280,10
15361948,16
15362620,16
15363296,13
15363972,10
15364648,24
15365328,18
15366004,10
15366680,11
15367360,29
15368036,38
15368712,28
15369396,11
15370068,22
15370748,28
15371428,39
15372100,42
15372780,33
15373460,17
15374132,22
15374812,38
15375492,45
15376164,39
15376840,32
15377520,12
15378196,14
15378876,27
15379556,41
15380228,42
15380908,26
15381584,29
15382260,55
15382940,61
15383620,13
15384292,56
15384972,38
15385652,23
15386324,11
15387004,44
15387684,45
15388356,48
15389036,56
15389716,26
15390388,10
15391068,12
15391740,13
15392420,14
15393100,16
15393772,10
15394444,14
15395124,15
15395796,11
15396468,14
15397148,10
15397820,12
15398492,12
15399172,15
15399844,18
15400516,20
15401196,21
15401868,18
15402544,15
15403228,14
15403900,33
15404580,15
15405260,15
15405932,11
15406612,12
15407292,12
15407964,28
15408644,24
15409320,13
15409996,14
15410676,16
15411356,25
15412028,18
15412704,10
15413388,9
15414008,14
15414688,10
15415372,13
15416044,15
15416724,12
15417404,13
15418076,12
15418756,14
15419436,17
15420108,19
15420788,10
15421468,22
15422140,12
15422820,13
15423500,15
15424172,11
15424848,12
15425524,18
15426196,34
15426876,31
15427548,18
15428220,13
15428900,19
15429572,10
15430244,16
15430924,34
15431596,35
15432268,16
15432948,26
15433620,12
15434296,17
15434972,14
15435644,12
15436324,25
15437004,16
15437676,12
15438356,18
15439036,13
15439708,11
15440388,11
15441068,11
15441740,12
15442420,19
15443096,21
15443772,30
15444452,19
15445132,15
15445804,10
15446484,18
15447160,37
15447836,15
15448516,12
15449196,12
15449868,16
15450548,23
15451228,14
15451900,11
15452580,12
15453260,13
15453932,19
15454612,14
15455292,15
15455964,40
15456644,38
15457324,17
15457996,22
15458676,30
15459356,20
15460028,16
15460708,16
15461388,13
15462060,12
15462740,18
15463412,10
15464084,10
15464760,18
15465436,16
15466108,11
15466788,11
15467460,12
15468132,16
15468812,14
15469484,30
15470156,44
15470836,25
15471508,13
15472188,12
15472868,27
15473540,50
15474220,48
15474900,33
15475572,22
15476252,15
15476932,11
15477604,18
15478284,28
15478964,23
15479636,12
15480316,10
15480996,10
15481668,17
15482348,26
15483028,21
15483700,11
15484380,16
15485060,19
15485732,14
15486412,10
15487092,15
15487764,20
15488444,48
15489120,36
15489796,30
15490476,15
15491156,19
15491828,42
15492508,64
15493188,70
15493860,64
15494540,48
15495220,31
15495892,10
15496572,13
15497252,12
15497924,16
15498604,12
15499284,16
15499956,22
15500636,12
15501312,23
15501988,39
15502668,22
15503340,17
15504016,22
15504692,22
15505364,18
15506036,34
15506716,44
15507388,33
15508060,14
15508740,15
15509412,32
15510084,47
15510764,29
15511436,12
15512116,10
15512796,11
15513472,14
15514148,18
15514828,19
15515500,19
15516180,18
15516860,11
15517532,11
15518212,11
15518892,11
15519564,10
15520244,10
15520924,19
15521596,23
15522276,20
15522956,24
15523628,14
15524308,18
15524988,17
15525660,12
15526340,26
15527020,38
15527692,30
15528372,16
15529052,43
15529724,40
15530404,32
15531084,19
15531756,15
15532436,12
15533116,14
15533788,13
15534468,12
15535148,16
15535820,22
15536500,24
15537180,25
15537852,33
15538532,40
15539212,38
15539884,36
15540564,34
15541236,16
15541908,71
15542588,116
15543320,106
15544048,49
15544732,26
15545412,16
15546084,10
15546764,10
15547444,16
15548116,16
15548796,19
15549476,17
15550148,14
15550828,13
15551508,22
15552184,11
15552860,12
15553532,12
15554216,19
15554892,18
15555564,14
15556236,14
15556916,20
15557588,31
15558264,26
15558940,14
15559616,12
15560288,11
15560964,20
15561636,22
15562308,23
15562988,14
15563664,12
15564340,12
15565020,10
15565692,11
15566372,12
15567052,13
15567724,14
15568404,14
15569080,11
15569756,10
15570436,12
15571116,27
15571788,21
15572468,12
15573148,19
15573820,22
15574500,13
15575180,55
15575852,52
15576532,36
15577212,21
15577884,14
15578564,28
15579244,39
15579916,26
15580596,32
15581276,43
15581948,22
15582628,11
15583308,15
15583980,19
15584660,14
15585340,12
15586012,18
15586692,14
15587372,11
15588044,11
15588724,10
15589404,12
15590076,10
15590756,17
15591436,12
15592108,16
15592788,31
15593460,40
15594132,30
15594812,25
15595484,26
15596156,11
15596836,36
15597508,46
15598180,37
15598860,34
15599532,34
15600208,13
15600884,11
15601556,12
15602232,10
15602916,11
15603588,12
15604268,24
15604948,35
15605620,19
15606300,16
15606980,17
15607652,12
15608332,21
15609012,12
15609684,11
15610364,10
15611044,13
15611716,12
15612396,23
15613076,22
15613748,10
15614428,26
15615108,27
15615784,25
15616460,22
15617136,14
15617812,16
15618492,23
15619172,29
15619844,22
15620524,20
15621204,21
15621876,10
15622556,12
15623236,12
15623908,34
15624588,50
15625268,47
15625940,36
15626620,14
15627300,33
15627972,75
15628652,70
15629332,42
15630004,19
15630684,10
15631356,20
15632040,17
15632716,12
15633388,18
15634060,12
15634740,13
15635412,18
15636084,12
15636764,17
15637436,26
15638108,11
15638788,16
15639460,28
15640132,30
15640812,38
15641484,30
15642164,12
15642844,10
15643516,14
15644196,14
15644876,11
15645548,10
15646228,10
15646908,18
15647580,12
15648260,26
15648940,57
15649612,56
15650292,59
15650972,25
15651644,30
15652324,66
15653004,55
15653676,46
15654356,54
15655036,28
15655708,11
15656388,10
15657068,11
15657740,12
15658420,12
15659100,12
15659776,13
15660452,14
15661132,12
15661804,18
15662484,10
15663164,17
15663836,25
15664516,24
15665196,18
15665872,11
15666548,11
15667228,13
15667900,12
15668580,10
15669260,11
15669932,11
15670612,12
15671284,20
15671956,26
15672636,14
15673308,22
15673980,31
15674660,32
15675332,25
15676004,35
15676684,12
15677356,16
15678032,32
15678708,54
15679384,39
15680060,14
15680736,14
15681412,10
15682092,14
15682772,12
15683444,12
15684124,14
15684804,12
15685476,40
15686156,24
15686836,17
15687508,10
15688188,40
15688868,52
15689540,34
15690220,26
15690900,59
15691572,73
15692252,74
15692932,24
15693604,11
15694284,11
15694964,27
15695636,47
15696316,54
15696996,32
15697668,32
15698348,30
15699028,12
15699700,24
15700380,12
15701060,12
15701732,29
15702412,14
15703092,21
15703764,25
15704444,24
15705124,31
15705796,44
15706476,38
15707156,42
15707832,27
15708508,11
15709180,21
15709860,21
15710540,20
15711216,26
15711884,25
15712564,18
15713236,11
15713912,18
15714588,16
15715260,12
15715932,11
15716612,13
15717288,16
15717956,11
15718636,12
15719308,14
15719988,12
15720668,10
15721340,17
15722020,16
15722700,14
15723372,12
15724052,14
15724732,22
15725408,24
15726084,16
15726764,11
15727436,18
15728116,20
15728796,25
15729468,24
15730148,23
15730828,17
15731500,40
15732180,42
15732860,25
15733532,16
15734212,14
15734892,17
15735564,12
15736244,10
15736924,13
15737596,10
15738276,18
15738956,39
15739628,23
15740308,13
15740988,32
15741660,32
15742340,46
15743020,42
15743692,12
15744372,12
15745048,17
15745724,18
15746400,22
15747084,29
15747756,11
15748436,36
15749108,48
15749780,26
15750460,11
15751132,18
15751804,25
15752484,13
15753156,10
15753828,14
15754508,15
15755180,40
15755852,42
15756532,22
15757204,11
15757884,28
15758564,83
15759236,80
15759916,23
15760596,32
15761268,38
15761948,28
15762628,27
15763300,16
15763980,16
15764660,41
15765332,26
15766012,16
15766692,18
15767364,10
15768044,23
15768724,25
15769396,22
15770076,28
15770752,25
15771428,20
15772108,12
15772788,32
15773460,30
15774140,20
15774820,25
15775492,32
15776172,23
15776848,17
15777524,10
15778204,12
15778884,12
15779556,13
15780236,16
15780916,10
15781588,10
15782268,10
15782948,12
15783620,14
15784300,14
15784980,13
15785652,28
15786332,36
15787004,44
15787684,43
15788364,14
15789036,64
15789708,89
15790388,73
15791060,46
15791732,14
15792412,38
15793084,44
15793756,38
15794436,16
15795108,21
15795784,52
15796460,64
15797132,22
15797812,34
15798492,54
15799164,62
15799844,36
15800524,17
15801196,19
15801876,20
15802556,17
15803228,34
15803908,38
15804588,49
15805260,30
15805940,16
15806620,28
15807292,24
15807972,14
15808652,17
15809324,22
15810004,44
15810684,35
15811356,14
15812036,10
15812716,13
15813388,11
15814068,10
15814748,12
15815420,11
15816100,18
15816780,33
15817452,12
15818132,21
15818812,14
15819484,10
15820164,18
15820844,22
15821516,12
15822196,13
15822876,23
15823548,32
15824228,19
15824908,12
15825580,16
15826260,13
15826932,22
15827604,28
15828284,30
15828956,30
15829628,22
15830308,18
15830980,31
15831656,18
15832332,10
15833004,11
15833676,18
15834356,22
15835028,10
15835708,11
15836388,10
15837060,16
15837740,13
15838420,15
15839092,16
15839772,18
15840452,30
15841124,18
15841804,13
15842484,46
15843156,68
15843836,62
15844516,38
15845188,11
15845868,37
15846548,54
15847220,23
15847900,20
15848580,32
15849252,26
15849932,18
15850612,18
15851284,29
15851964,18
15852644,13
15853316,23
15853996,31
15854676,41
15855348,18
15856028,16
15856708,41
15857380,63
15858060,64
15858740,48
15859412,31
15860092,64
15860772,64
15861444,51
15862124,48
15862804,39
15863476,10
15864156,28
15864828,29
15865508,18
15866188,16
15866860,15
15867536,15
15868212,11
15868884,13
15869556,16
15870236,12
15870912,15
15871584,44
15872264,44
15872932,22
15873604,10
15874280,29
15874956,64
15875636,75
15876316,52
15876988,20
15877668,38
15878348,49
15879020,46
15879700,48
15880380,17
15881052,34
15881732,38
15882412,28
15883084,12
15883764,19
15884444,17
15885116,16
15885796,35
15886476,44
15887148,18
15887828,18
15888508,25
15889180,11
15889860,42
15890540,45
15891212,39
15891892,20
15892572,44
15893244,76
15893924,74
15894604,48
15895276,12
15895956,14
15896636,24
15897308,26
15897988,23
15898668,21
15899340,32
15900020,24
15900700,32
15901372,60
15902052,52
15902732,53
15903404,38
15904084,18
15904756,10
15905428,10
15906108,14
15906780,22
15907452,13
15908132,32
15908804,54
15909476,56
15910156,28
15910832,32
15911500,63
15912180,62
15912852,66
15913532,24
15914212,19
15914884,17
15915564,18
15916244,24
15916916,28
15917596,18
15918276,12
15918948,10
15919628,32
15920308,35
15920980,20
15921660,14
15922340,44
15923012,70
15923692,47
15924372,12
15925044,24
15925724,32
15926404,29
15927076,12
15927756,23
15928436,39
15929108,30
15929788,16
15930468,13
15931140,14
15931820,15
15932500,11
15933172,16
15933852,18
15934532,12
15935204,13
15935884,11
15936564,11
15937236,18
15937916,33
15938596,25
15939268,14
15939948,10
15940628,25
15941300,30
15941980,22
15942652,13
15943332,10
15944012,15
15944684,12
15945356,10
15946036,14
15946708,14
15947380,11
15948060,13
15948732,11
15949408,15
15950084,32
15950756,28
15951428,20
15952108,14
15952780,14
15953460,26
15954140,43
15954812,50
15955492,40
15956172,18
15956844,14
15957524,34
15958204,47
15958880,42
15959556,12
15960236,35
15960908,41
15961588,28
15962268,18
15962940,58
15963620,56
15964300,12
15964972,11
15965652,12
15966332,13
15967008,39
15967684,47
15968364,16
15969036,21
15969716,14
15970396,20
15971072,28
15971748,23
15972428,19
15973104,11
15973780,30
15974460,44
15975132,34
15975812,14
15976492,34
15977164,62
15977844,44
15978524,21
15979196,16
15979876,38
15980556,21
15981228,10
15981908,14
15982580,13
15983252,14
15983932,14
15984608,22
15985276,11
15985956,24
15986628,11
15987300,13
15987980,20
15988652,18
15989324,39
15990004,22
15990676,17
15991356,12
15992036,50
15992708,34
15993388,13
15994068,20
15994744,22
15995420,12
15996100,39
15996776,54
15997452,35
15998132,42
15998808,29
15999484,11
16000164,27
16000832,52
16001512,46
16002188,35
16002860,27
16003536,22
16004216,49
16004892,64
16005568,50
16006248,37
16006924,32
16007600,14
16008280,16
16008956,12
16009632,12
16010312,20
16010988,30
16011664,20
16012344,13
16013020,10
16013696,12
16014376,11
16015052,16
16015732,11
16016408,29
16017084,20
16017760,12
16018440,13
16019116,12
16019796,10
16020468,10
16021140,10
16021816,15
16022492,18
16023164,28
16023844,24
16024516,16
16025188,12
16025868,18
16026540,12
16027212,12
16027888,20
16028564,26
16029240,40
16029916,37
16030588,24
16031268,16
16031948,49
16032620,45
16033300,29
16033976,18
16034652,28
16035332,12
16036012,58
16036684,84
16037360,36
16038044,13
16038716,24
16039396,44
16040076,57
16040748,50
16041428,18
16042108,44
16042780,64
16043460,34
16044140,53
16044812,12
16045488,30
16046172,29
16046844,10
16047520,21
16048204,61
16048876,59
16049556,14
16050236,19
16050908,29
16051588,41
16052268,48
16052940,38
16053620,27
16054300,17
16054972,31
16055652,78
16056332,57
16057004,58
16057680,42
16058356,14
16059028,38
16059708,29
16060380,18
16061052,10
16061732,12
16062404,10
16063076,36
16063756,60
16064428,54
16065100,26
16065776,12
16066452,34
16067128,66
16067804,28
16068476,10
16069156,12
16069832,20
16070508,18
16071184,24
16071868,14
16072540,19
16073220,18
16073900,32
16074572,36
16075252,22
16075932,24
16076604,18
16077284,32
16077960,71
16078636,74
16079316,57
16079996,21
16080668,20
16081344,15
16082020,17
16082692,58
16083368,68
16084048,21
16084724,11
16085400,10
16086084,29
16086756,48
16087436,51
16088116,61
16088788,58
16089468,13
16090148,55
16090820,90
16091500,98
16092180,67
16092852,42
16093528,36
16094204,16
16094884,19
16095560,32
16096236,34
16096908,27
16097588,26
16098260,24
16098932,16
16099608,21
16100284,14
16100956,11
16101636,19
16102308,20
16102980,22
16103656,35
16104332,12
16105008,72
16105692,88
16106364,52
16107044,19
16107724,13
16108396,16
16109076,14
16109756,37
16110428,54
16111108,43
16111788,39
16112460,42
16113140,31
16113820,21
16114492,15
16115172,20
16115852,69
16116524,65
16117204,68
16117884,13
16118556,18
16119236,15
16119916,23
16120588,14
16121268,23
16121948,12
16122620,11
16123300,22
16123980,21
16124652,21
16125332,18
16126012,16
16126684,14
16127364,12
16128044,51
16128716,63
16129392,58
16130072,33
16130748,12
16131424,57
16132108,81
16132780,28
16133460,12
16134132,22
16134804,16
16135484,17
16136156,26
16136828,32
16137508,62
16138180,66
16138852,40
16139532,12
16140204,30
16140876,20
16141552,28
16142228,38
16142904,40
16143580,14
16144252,12
16144928,19
16145608,49
16146284,46
16146964,13
16147644,19
16148316,78
16148996,38
16149676,53
16150348,12
16151028,11
16151708,12
16152380,14
16153060,11
16153740,11
16154412,14
16155092,30
16155772,24
16156444,27
16157124,11
16157804,24
16158476,23
16159156,32
16159836,37
16160508,20
16161184,13
16161868,16
16162540,11
16163220,18
16163896,9
16164520,11
16165200,29
16165876,102
16166600,48
16167272,31
16167956,29
16168628,18
16169308,11
16169980,16
16170660,10
16171340,52
16172012,76
16172684,36
16173364,34
16174036,96
16174708,97
16175388,58
16176060,40
16176732,14
16177412,12
16178084,12
16178756,14
16179436,12
16180108,12
16180784,20
16181468,28
16182140,32
16182820,20
16183496,15
16184172,12
16184852,41
16185528,28
16186204,35
16186884,44
16187560,43
16188236,26
16188916,28
16189596,98
16190268,24
16190948,16
16191628,17
16192300,16
16192976,14
16193656,12
16194332,18
16195012,10
16195692,9
16196312,19
16196996,68
16197676,67
16198348,64
16199028,60
16199708,25
16200380,106
16201108,43
16201788,23
16202460,12
16203136,40
16203820,39
16204492,12
16205172,34
16205852,55
16206524,69
16207204,70
16207884,37
16208556,28
16209236,12
16209908,14
16210580,14
16211260,26
16211932,54
16212604,50
16213284,58
16213956,70
16214628,14
16215308,52
16215980,78
16216656,39
16217332,22
16218004,16
16218684,10
16219364,11
16220036,26
16220716,10
16221396,16
16222068,16
16222748,13
16223428,20
16224100,28
16224776,14
16225460,15
16226132,10
16226812,12
16227492,12
16228164,22
16228844,43
16229524,44
16230196,32
16230876,24
16231556,12
16232228,14
16232908,11
16233588,12
16234260,14
16234940,12
16235620,12
16236292,18
16236972,16
16237652,19
16238324,12
16239004,12
16239684,16
16240356,12
16241036,14
16241716,19
16242388,22
16243068,35
16243748,39
16244420,24
16245100,24
16245780,23
16246452,36
16247132,28
16247804,21
16248484,12
16249164,30
16249836,29
16250508,52
16251188,27
16251860,14
16252532,10
16253212,36
16253884,33
16254556,17
16255236,26
16255908,13
16256584,11
16257260,12
16257932,12
16258612,13
16259292,34
16259964,64
16260644,12
16261324,53
16261996,42
16262676,32
16263356,16
16264028,14
16264704,12
16265388,33
16266060,82
16266740,111
16267472,66
16268148,38
16268828,155
16269556,136
16270288,73
16270964,60
16271644,32
16272316,40
16272988,16
16273668,12
16274340,18
16275012,35
16275692,30
16276364,14
16277044,22
16277724,36
16278396,41
16279076,40
16279756,39
16280428,17
16281108,12
16281788,12
16282460,33
16283140,20
16283820,31
16284492,81
16285172,95
16285852,32
16286524,20
16287204,10
16287884,13
16288556,12
16289236,11
16289916,25
16290588,41
16291268,13
16291948,12
16292620,15
16293300,18
16293980,21
16294652,39
16295332,58
16296012,42
16296684,44
16297364,38
16298044,19
16298716,48
16299396,34
16300076,47
16300748,51
16301428,22
16302108,10
16302780,12
16303460,12
16304140,15
16304812,16
16305492,28
16306164,26
16306836,56
16307516,51
16308188,32
16308860,22
16309540,12
16310212,51
16310884,64
16311564,74
16312240,80
16312908,42
16313588,12
16314264,22
16314940,16
16315620,36
16316292,45
16316972,34
16317652,13
16318324,14
16319004,30
16319684,34
16320360,18
16321036,11
16321716,14
16322388,10
16323068,12
16323748,11
16324420,15
16325100,16
16325780,23
16326452,23
16327132,11
16327812,11
16328484,14
16329164,22
16329844,11
16330516,12
16331196,10
16331876,10
16332548,11
16333228,32
16333908,35
16334580,40
16335260,28
16335940,16
16336612,12
16337292,30
16337972,12
16338644,36
16339324,30
16340004,19
16340676,31
16341356,58
16342036,65
16342708,34
16343388,26
16344060,59
16344740,116
16345472,40
16346148,19
16346820,28
16347500,13
16348180,18
16348852,12
16349532,31
16350204,90
16350884,142
16351616,175
16352344,97
16353020,24
16353700,96
16354380,204
16355104,211
16355840,59
16356516,11
16357188,12
16357868,12
16358548,12
16359220,20
16359900,34
16360580,29
16361252,10
16361932,11
16362612,10
16363284,10
16363964,14
16364644,13
16365316,16
16365996,24
16366676,12
16367348,14
16368028,20
16368708,14
16369380,10
16370060,19
16370740,12
16371412,59
16372092,58
16372772,52
16373448,13
16374124,48
16374804,85
16375476,38
16376156,12
16376832,13
16377508,15
16378188,19
16378864,10
16379536,22
16380212,27
16380888,26
16381556,20
16382236,25
16382912,18
16383584,11
16384264,18
16384932,27
16385600,19
16386280,12
16386948,16
16387624,11
16388300,15
16388972,26
16389648,18
16390320,17
16390996,46
16391672,13
16392348,28
16393020,38
16393696,36
16394372,13
16395044,12
16395720,22
16396396,12
16397068,30
16397744,73
16398420,74
16399092,20
16399768,30
16400448,84
16401120,135
16401852,119
16402580,36
16403260,10
16403936,11
16404612,12
16405280,14
16405960,17
16406636,17
16407308,19
16407984,47
16408660,20
16409332,16
16410008,17
16410688,20
16411356,20
16412032,24
16412708,14
16413380,10
16414056,10
16414736,21
16415412,14
16416088,27
16416756,32
16417428,26
16418104,17
16418772,54
16419444,60
16420120,33
16420788,11
16421460,34
16422136,104
16422864,61
16423532,24
16424208,14
16424884,32
16425556,28
16426232,30
16426908,22
16427580,16
16428256,19
16428924,22
16429600,11
16430276,11
16430948,34
16431624,40
16432304,16
16432980,10
16433656,25
16434332,15
16435004,10
16435684,10
16436360,21
16437028,25
16437704,14
16438384,31
16439060,39
16439736,36
16440416,52
16441092,44
16441768,34
16442448,18
16443116,91
16443796,135
16444524,52
16445204,26
16445880,12
16446560,20
16447228,15
16447904,21
16448588,39
16449260,24
16449936,28
16450612,32
16451284,18
16451960,44
16452636,37
16453308,10
16453984,11
16454664,11
16455340,11
16456016,31
16456692,26
16457364,27
16458040,36
16458716,28
16459388,13
16460064,26
16460740,66
16461412,74
16462088,20
16462764,30
16463436,12
16464112,26
16464788,16
16465464,20
16466140,26
16466812,47
16467488,59
16468168,28
16468844,10
16469520,10
16470196,10
16470868,16
16471544,43
16472224,73
16472900,58
16473580,14
16474260,56
16474932,86
16475608,65
16476288,13
16476964,28
16477640,118
16478372,128
16479104,64
16479780,28
16480460,93
16481132,122
16481860,96
16482536,59
16483212,18
16483888,17
16484564,27
16485236,34
16485912,12
16486596,12
16487264,16
16487944,18
16488620,55
16489292,73
16489968,49
16490644,29
16491316,45
16491992,96
16492672,104
16493400,54
16494072,28
16494752,79
16495428,62
16496104,16
16496784,15
16497452,61
16498128,113
16498860,34
16499540,46
16500216,61
16500892,84
16501564,105
16502296,32
16502972,16
16503644,18
16504324,10
16505000,12
16505676,40
16506352,47
16507036,35
16507708,16
16508384,29
16509064,67
16509740,18
16510416,55
16511096,157
16511824,69
16512500,44
16513176,83
16513844,72
16514520,159
16515252,168
16515984,114
16516708,33
16517388,96
16518060,167
16518784,235
16519508,18
16520180,44
16520852,59
16521528,76
16522204,66
16522876,30
16523556,81
16524228,158
16524952,108
16525676,51
16526352,20
16527028,23
16527708,44
16528380,83
16529060,109
16529788,44
16530464,83
16531140,158
16531872,32
16532548,23
16533220,68
16533900,62
16534580,41
16535252,24
16535932,31
16536612,74
16537284,175
16538016,179
16538740,123
16539472,33
16540148,106
16540880,224
16541608,169
16542328,140
16543056,41
16543724,24
16544396,12
16545072,40
16545748,34
16546420,12
16547096,66
16547772,72
16548444,28
16549120,30
16549796,16
16550468,38
16551144,18
16551816,10
16552488,20
16553168,64
16553844,80
16554520,16
16555200,17
16555876,42
16556556,50
16557236,37
16557908,24
16558588,60
16559264,61
16559940,58
16560620,44
16561300,16
16561972,30
16562652,63
16563332,60
16564004,36
16564680,99
16565360,68
16566036,12
16566716,73
16567396,55
16568068,66
16568744,44
16569424,13
16570100,20
16570776,16
16571460,20
16572132,24
16572812,31
16573488,35
16574164,12
16574840,64
16575524,105
16576248,21
16576920,35
16577596,20
16578268,28
16578944,30
16579624,26
16580300,27
16580980,52
16581660,55
16582332,18
16583012,14
16583692,31
16584364,74
16585044,96
16585716,49
16586388,59
16587068,60
16587740,68
16588412,20
16589092,80
16589764,34
16590436,12
16591112,27
16591788,74
16592460,92
16593136,85
16593812,64
16594488,14
16595164,47
16595836,112
16596568,31
16597240,24
16597916,88
16598588,96
16599268,96
16599940,64
16600620,34
16601300,153
16602024,98
16602692,26
16603368,18
16604044,12
16604724,10
16605404,12
16606076,48
16606756,68
16607436,65
16608108,36
16608784,15
16609468,15
16610140,68
16610820,122
16611548,101
16612280,36
16612948,42
16613628,64
16614300,121
16615024,103
16615760,79
16616428,38
16617100,11
16617780,14
16618452,28
16619124,32
16619804,45
16620476,26
16621148,16
16621824,19
16622500,28
16623172,19
16623852,42
16624524,32
16625204,15
16625884,14
16626556,40
16627236,37
16627916,57
16628588,52
16629268,23
16629948,29
16630620,54
16631300,75
16631980,26
16632652,106
16633384,93
16634060,25
16634732,54
16635412,19
16636092,48
16636764,119
16637496,99
16638172,44
16638844,14
16639524,10
16640204,11
16640872,12
16641552,26
16642228,25
16642900,12
16643576,11
16644252,18
16644924,12
16645600,27
16646276,27
16646948,14
16647624,10
16648304,15
16648980,14
16649656,15
16650332,14
16651004,22
16651680,26
16652360,12
16653028,22
16653704,47
16654380,19
16655052,12
16655728,18
16656408,17
16657084,18
16657760,13
16658440,18
16659116,17
16659796,18
16660468,20
16661140,26
16661816,45
16662492,44
16663164,32
16663840,18
16664516,54
16665188,70
16665868,43
16666540,15
16667212,15
16667888,18
16668564,11
16669240,13
16669916,16
16670588,28
16671268,13
16671944,43
16672620,64
16673296,68
16673976,59
16674652,42
16675328,25
16676008,72
16676684,98
16677360,62
16678044,39
16678716,14
16679392,17
16680072,12
16680748,34
16681428,26
16682104,12
16682780,27
16683460,55
16684140,28
16684812,57
16685488,30
16686168,11
16686844,12
16687520,15
16688204,17
16688876,30
16689552,65
16690236,62
16690908,16
16691588,48
16692264,78
16692940,54
16693616,22
16694296,26
16694972,20
16695652,27
16696332,21
16697004,22
16697680,48
16698356,35
16699028,24
16699708,13
16700380,16
16701052,30
16701732,50
16702404,40
16703076,52
16703756,46
16704428,14
16705100,20
16705780,28
16706452,16
16707128,47
16707804,66
16708476,56
16709156,34
16709836,30
16710508,40
16711188,11
16711868,15
16712540,22
16713216,24
16713896,68
16714572,102
16715300,15
16715980,25
16716652,12
16717332,14
16718008,16
16718684,12
16719360,39
16720040,29
16720716,18
16721392,11
16722072,11
16722748,12
16723424,13
16724104,33
16724780,32
16725456,13
16726136,13
16726812,10
16727488,10
16728168,13
16728844,12
16729520,10
16730204,11
16730876,30
16731556,47
16732236,28
16732908,80
16733584,80
16734268,61
16734940,30
16735620,92
16736300,160
16737024,118
16737752,13
16738428,12
16739100,18
16739780,38
16740460,31
16741132,11
16741812,14
16742492,12
16743164,10
16743840,30
16744520,32
16745196,34
16745876,34
16746556,21
16747228,17
16747908,49
16748588,37
16749260,19
16749936,37
16750620,49
16751292,24
16751972,26
16752652,94
16753324,50
16754004,11
16754676,10
16755348,19
16756024,32
16756700,14
16757372,26
16758052,63
16758724,71
16759396,74
16760076,50
16760748,23
16761420,46
16762100,31
16762772,54
16763448,76
16764132,59
16764804,43
16765480,30
16766164,15
16766836,22
16767516,18
16768196,25
16768868,32
16769544,23
16770224,23
16770900,14
16771576,11
16772260,22
16772932,14
16773612,21
16774288,35
16774964,28
16775640,14
16776324,11
16776996,10
16777672,10
16778356,13
16779028,66
16779708,70
16780388,27
16781060,18
16781740,62
16782420,14
16783092,12
16783772,26
16784452,23
16785124,11
16785804,16
16786484,16
16787156,12
16787836,18
16788516,17
16789188,23
16789868,12
16790548,16
16791220,17
16791900,12
16792572,13
16793252,20
16793932,34
16794604,32
16795276,11
16795952,22
16796628,28
16797300,64
16797980,114
16798704,112
16799424,30
16800100,68
16800776,94
16801444,113
16802172,113
16802900,54
16803580,32
16804256,20
16804936,11
16805604,15
16806280,11
16806956,13
16807628,17
16808304,26
16808984,17
16809660,10
16810336,31
16811008,48
16811684,17
16812360,16
16813036,10
16813708,33
16814388,40
16815060,18
16815732,10
16816412,27
16817084,34
16817756,21
16818432,14
16819108,12
16819780,16
16820456,20
16821132,16
16821808,10
16822488,16
16823164,14
16823844,12
16824524,12
16825196,17
16825876,16
16826552,17
16827228,20
16827904,12
16828588,15
16829260,12
16829940,10
16830620,12
16831292,16
16831972,12
16832652,11
16833324,34
16834000,48
16834680,72
16835356,72
16836032,22
16836712,104
16837440,147
16838164,112
16838896,58
16839572,35
16840248,13
16840924,14
16841596,14
16842276,15
16842952,12
16843628,10
16844308,10
16844988,11
16845660,15
16846336,16
16847016,33
16847692,38
16848368,24
16849048,18
16849724,22
16850400,27
16851080,29
16851756,43
16852436,95
16853116,81
16853788,22
16854468,39
16855144,37
16855820,22
16856500,20
16857176,70
16857852,18
16858528,33
16859208,45
16859884,36
16860564,20
16861240,11
16861916,10
16862596,22
16863276,20
16863948,12
16864628,20
16865308,16
16865980,11
16866660,20
16867340,21
16868012,16
16868688,10
16869364,19
16870036,27
16870716,20
16871388,24
16872060,29
16872736,20
16873412,26
16874084,19
16874764,11
16875436,16
16876108,21
16876784,17
16877460,30
16878136,31
16878812,22
16879484,18
16880164,14
16880840,20
16881516,38
16882196,28
16882876,12
16883548,18
16884224,30
16884904,36
16885580,30
16886260,14
16886940,29
16887612,30
16888292,12
16888972,11
16889644,10
16890320,12
16891004,11
16891676,30
16892356,20
16893036,54
16893708,44
16894388,20
16895068,14
16895740,54
16896420,22
16897096,22
16897764,32
16898440,22
16899116,13
16899788,20
16900464,67
16901144,55
16901820,29
16902496,29
16903176,20
16903844,14
16904520,14
16905196,17
16905868,12
16906544,15
16907220,26
16907892,24
16908568,26
16909244,22
16909916,29
16910596,35
16911268,29
16911940,10
16912620,18
16913292,24
16913968,23
16914648,16
16915324,19
16916004,17
16916680,17
16917356,14
16918036,10
16918716,10
16919388,26
16920068,32
16920744,15
16921420,15
16922100,15
16922776,31
16923452,14
16924128,63
16924812,64
16925484,34
16926160,17
16926840,13
16927516,10
16928196,12
16928872,11
16929548,11
16930224,10
16930908,11
16931580,18
16932260,12
16932936,21
16933612,24
16934292,16
16934972,13
16935644,14
16936324,36
16937004,47
16937676,42
16938352,16
16939036,45
16939708,62
16940388,42
16941068,14
16941740,34
16942420,38
16943092,28
16943764,11
16944444,26
16945116,12
16945788,27
16946468,30
16947140,17
16947812,12
16948492,30
16949164,61
16949836,66
16950516,20
16951188,11
16951864,12
16952548,16
16953220,12
16953900,16
16954580,20
16955252,14
16955932,11
16956612,23
16957284,28
16957964,30
16958644,27
16959316,12
16959996,24
16960676,33
16961348,31
16962024,24
16962704,12
16963380,10
16964056,11
16964736,22
16965412,18
16966092,12
16966768,31
16967444,51
16968124,25
16968800,11
16969476,10
16970156,16
16970836,13
16971508,22
16972188,26
16972868,11
16973540,11
16974216,11
16974900,15
16975572,34
16976252,42
16976928,29
16977604,18
16978280,19
16978960,16
16979636,11
16980312,42
16980988,50
16981668,36
16982348,25
16983020,28
16983692,19
16984372,11
16985044,14
16985716,14
16986392,13
16987068,22
16987740,30
16988420,20
16989092,23
16989764,32
16990444,17
16991116,16
16991796,14
16992476,28
16993148,52
16993828,52
16994508,33
16995180,14
16995860,14
16996540,16
16997212,10
16997892,19
16998572,24
16999244,16
16999920,11
17000600,13
17001276,12
17001956,12
17002632,11
17003308,10
17003988,38
17004668,51
17005340,48
17006020,30
17006700,12
17007372,44
17008052,88
17008728,47
17009404,12
17010084,16
17010760,31
17011436,30
17012116,22
17012796,11
17013468,10
17014148,11
17014828,9
17015448,11
17016132,17
17016804,13
17017476,22
17018156,33
17018828,20
17019500,11
17020180,18
17020852,20
17021524,12
17022204,18
17022876,14
17023548,18
17024228,40
17024900,30
17025576,12
17026260,21
17026932,20
17027612,11
17028292,9
17028912,14
17029596,24
17030276,44
17030948,16
17031628,14
17032308,22
17032980,12
17033660,11
17034340,15
17035012,14
17035692,26
17036372,24
17037044,47
17037724,42
17038404,13
17039076,17
17039756,12
17040436,19
17041108,38
17041784,23
17042464,13
17043140,16
17043820,16
17044496,20
17045172,19
17045848,12
17046524,17
17047204,22
17047880,14
17048556,10
17049228,18
17049908,24
17050580,16
17051252,10
17051928,11
17052604,10
17053276,12
17053956,26
17054628,26
17055300,18
17055980,10
17056652,32
17057328,63
17058008,55
17058684,18
17059360,21
17060040,23
17060716,22
17061396,11
17062072,17
17062748,32
17063424,31
17064108,16
17064780,10
17065460,11
17066136,13
17066812,12
17067492,11
17068172,14
17068844,20
17069520,12
17070204,14
17070876,10
17071556,12
17072236,12
17072908,13
17073588,22
17074268,19
17074940,16
17075620,12
17076296,15
17076972,12
17077652,18
17078332,27
17079004,20
17079684,12
17080364,11
17081036,10
17081716,10
17082392,13
17083068,14
17083748,20
17084428,25
17085100,18
17085780,10
17086452,12
17087124,12
17087804,10
17088476,10
17089148,14
17089828,26
17090500,14
17091172,20
17091852,40
17092524,38
17093196,14
17093876,30
17094548,43
17095224,20
17095908,10
17096580,26
17097260,45
17097940,41
17098612,23
17099292,11
17099972,31
17100644,49
17101324,33
17102004,28
17102676,28
17103356,34
17104036,36
17104708,22
17105388,16
17106068,16
17106740,20
17107420,19
17108100,33
17108772,46
17109452,19
17110132,23
17110804,30
17111484,16
17112164,32
17112836,19
17113516,36
17114196,32
17114868,16
17115548,12
17116228,51
17116900,70
17117580,51
17118260,32
17118932,17
17119612,16
17120292,38
17120964,50
17121644,66
17122320,43
17122996,18
17123676,90
17124348,104
17125080,59
17125756,30
17126436,12
17127108,20
17127784,26
17128468,11
17129140,20
17129820,13
17130492,9
17131120,11
17131804,10
17132476,25
17133148,26
17133828,20
17134500,18
17135172,40
17135852,72
17136524,50
17137204,24
17137884,24
17138556,80
17139236,112
17139968,50
17140644,15
17141316,12
17141996,23
17142668,22
17143348,22
17144028,21
17144700,20
17145380,12
17146060,11
17146732,10
17147412,14
17148092,19
17148764,28
17149444,10
17150124,21
17150796,39
17151476,39
17152156,33
17152828,18
17153504,12
17154188,33
17154860,58
17155540,30
17156220,13
17156892,14
17157572,39
17158252,57
17158924,44
17159604,17
17160284,37
17160956,44
17161636,60
17162316,52
17162988,36
17163668,28
17164348,28
17165020,20
17165696,12
17166376,11
17167052,12
17167732,14
17168412,21
17169084,22
17169764,14
17170444,11
17171116,11
17171796,12
17172468,10
17173140,10
17173820,12
17174492,12
17175164,18
17175844,14
17176516,13
17177188,11
17177868,10
17178540,10
17179212,10
17179892,12
17180564,16
17181240,12
17181924,11
17182596,11
17183276,10
17183956,12
17184628,17
17185308,26
17185988,24
17186660,10
17187340,11
17188020,12
17188692,12
17189372,11
17190052,13
17190724,13
17191404,12
17192084,17
17192756,14
17193436,16
17194116,22
17194788,10
17195468,13
17196148,12
17196820,13
17197500,16
17198180,13
17198852,10
17199532,12
17200212,11
17200884,10
17201564,10
17202244,13
17202916,14
17203596,16
17204272,12
17204948,18
17205624,23
17206304,20
17206980,14
17207656,26
17208336,35
17209012,31
17209688,56
17210364,40
17211044,19
17211720,53
17212396,69
17213068,70
17213748,30
17214420,10
17215092,22
17215772,19
17216444,12
17217116,16
17217796,44
17218468,14
17219140,24
17219820,18
17220492,18
17221168,14
17221848,34
17222524,68
17223200,25
17223880,12
17224556,14
17225232,22
17225916,23
17226588,12
17227264,13
17227948,13
17228620,12
17229300,10
17229976,11
17230652,14
17231332,12
17232012,12
17232684,22
17233360,31
17234044,33
17234716,26
17235396,12
17236076,11
17236748,16
17237428,10
17238108,21
17238780,19
17239460,12
17240140,29
17240812,28
17241492,12
17242172,28
17242844,16
17243524,24
17244204,31
17244876,12
17245552,18
17246236,27
17246908,22
17247588,22
17248268,23
17248940,20
17249620,13
17250292,13
17250964,20
17251644,22
17252316,22
17252988,23
17253668,18
17254340,10
17255012,12
17255692,18
17256364,14
17257036,12
17257716,12
17258388,11
17259064,22
17259740,16
17260412,22
17261092,24
17261772,23
17262444,27
17263124,13
17263804,12
17264476,10
17265156,11
17265836,13
17266508,14
17267188,12
17267868,10
17268540,10
17269220,11
17269900,15
17270572,19
17271252,16
17271932,11
17272604,14
17273284,16
17273964,13
17274636,14
17275316,18
17275996,22
17276668,20
17277348,26
17278028,46
17278700,40
17279380,30
17280060,17
17280732,13
17281408,14
17282088,12
17282764,14
17283440,26
17284120,60
17284796,82
17285476,66
17286152,36
17286828,12
17287504,14
17288180,19
17288852,18
17289528,25
17290204,34
17290876,18
17291556,26
17292228,44
17292900,32
17293576,30
17294252,12
17294924,10
17295604,16
17296276,14
17296952,26
17297628,12
17298300,14
17298980,19
17299660,12
17300332,18
17301012,22
17301692,29
17302364,25
17303044,15
17303724,40
17304396,45
17305076,34
17305756,18
17306428,12
17307104,24
17307788,26
17308460,12
17309140,19
17309820,29
17310492,18
17311172,15
17311852,11
17312524,10
17313200,19
17313884,15
17314556,20
17315236,49
17315916,56
17316588,36
17317268,13
17317948,27
17318620,72
17319300,84
17319980,55
17320652,21
17321332,17
17322012,29
17322684,34
17323364,28
17324044,17
17324716,16
17325396,18
17326068,30
17326740,18
17327420,55
17328092,56
17328764,30
17329444,24
17330116,70
17330788,80
17331468,38
17332140,14
17332812,10
17333492,12
17334164,12
17334840,10
17335524,10
17336196,12
17336876,12
17337556,11
17338228,14
17338908,16
17339588,23
17340260,20
17340940,20
17341620,15
17342292,11
17342972,11
17343652,10
17344324,10
17345000,10
17345684,9
17346304,11
17346988,12
17347668,23
17348340,22
17349020,14
17349700,12
17350372,12
17351052,12
17351732,12
17352404,12
17353084,11
17353764,11
17354436,12
17355116,14
17355796,16
17356468,12
17357148,14
17357820,25
17358500,24
17359180,12
17359852,30
17360524,32
17361204,19
17361876,19
17362548,14
17363228,15
17363900,11
17364572,36
17365252,48
17365924,44
17366596,27
17367276,12
17367948,10
17368628,12
17369308,16
17369980,12
17370656,13
17371340,16
17372012,15
17372692,11
17373372,12
17374044,13
17374724,23
17375404,21
17376076,11
17376752,16
17377436,13
17378108,10
17378788,11
17379468,16
17380140,10
17380820,19
17381500,13
17382172,11
17382852,12
17383532,13
17384204,16
17384884,10
17385564,10
17386236,12
17386916,26
17387596,20
17388268,10
17388948,12
17389628,11
17390300,34
17390980,26
17391660,17
17392332,16
17393012,18
17393692,10
17394364,12
17395044,14
17395724,10
17396396,13
17397076,16
17397748,27
17398420,21
17399100,11
17399772,20
17400444,12
17401124,42
17401796,66
17402468,68
17403148,39
17403820,12
17404492,42
17405172,78
17405848,65
17406524,30
17407204,24
17407876,16
17408556,10
17409232,16
17409900,25
17410576,26
17411256,10
17411924,10
17412600,20
17413280,29
17413956,26
17414636,18
17415312,11
17415988,12
17416668,14
17417344,17
17418020,14
17418700,10
17419376,19
17420052,19
17420732,12
17421412,17
17422084,16
17422760,12
17423444,13
17424116,12
17424792,12
17425476,12
17426148,12
17426828,22
17427508,33
17428180,12
17428860,20
17429536,25
17430212,14
17430892,23
17431572,24
17432244,14
17432924,17
17433596,25
17434276,33
17434956,25
17435628,10
17436300,14
17436980,18
17437652,16
17438324,22
17439004,14
17439676,14
17440348,16
17441024,13
17441700,25
17442372,34
17443052,26
17443724,12
17444404,10
17445084,10
17445756,12
17446436,10
17447112,21
17447788,14
17448468,11
17449148,13
17449820,20
17450496,20
17451180,16
17451852,22
17452532,38
17453212,29
17453884,15
17454564,17
17455244,12
17455916,21
17456596,20
17457276,15
17457948,24
17458628,22
17459308,14
17459980,11
17460660,12
17461336,21
17462012,16
17462692,12
17463372,28
17464044,44
17464724,48
17465404,20
17466076,14
17466756,18
17467436,12
17468108,11
17468788,10
17469468,10
17470140,10
17470820,10
17471500,23
17472172,34
17472848,24
17473524,12
17474196,19
17474876,20
17475548,14
17476220,10
17476900,10
17477572,10
17478244,15
17478924,10
17479596,16
17480268,16
17480944,10
17481620,12
17482296,11
17482972,12
17483644,12
17484324,11
17485004,14
17485676,24
17486356,32
17487036,32
17487708,19
17488388,19
17489068,22
17489740,24
17490420,25
17491100,25
17491772,18
17492452,13
17493132,13
17493804,10
17494484,16
17495164,11
17495836,13
17496516,14
17497196,13
17497868,14
17498548,13
17499228,18
17499900,20
17500580,16
17501260,12
17501932,10
17502612,10
17503292,12
17503964,12
17504644,11
17505324,11
17505996,10
17506676,12
17507356,12
17508028,12
17508708,11
17509388,11
17510060,10
17510740,12
17511412,16
17512084,16
17512764,18
17513436,11
17514108,10
17514788,10
17515460,11
17516132,11
17516812,12
17517484,12
17518156,10
17518836,12
17519508,14
17520188,16
17520868,14
17521540,13
17522220,12
17522900,11
17523572,21
17524252,12
17524932,46
17525604,62
17526284,42
17526964,17
17527636,10
17528316,10
17528996,12
17529668,16
17530348,30
17531028,41
17531700,40
17532380,22
17533060,33
17533732,26
17534412,42
17535092,53
17535764,28
17536444,14
17537120,13
17537796,22
17538476,31
17539156,33
17539828,12
17540508,32
17541188,36
17541860,33
17542540,16
17543220,13
17543892,32
17544572,26
17545252,12
17545924,10
17546604,10
17547284,21
17547956,16
17548636,46
17549308,34
17549988,12
17550668,11
17551340,11
17552016,32
17552692,29
17553364,13
17554036,31
17554716,50
17555388,63
17556060,20
17556740,22
17557412,27
17558084,31
17558764,39
17559436,26
17560116,20
17560796,32
17561472,34
17562148,28
17562828,17
17563500,10
17564180,14
17564860,11
17565532,24
17566212,28
17566892,12
17567564,20
17568244,10
17568924,13
17569596,17
17570276,26
17570956,19
17571628,12
17572308,30
17572988,23
17573660,14
17574340,20
17575020,18
17575692,24
17576372,23
17577052,17
17577724,10
17578404,16
17579084,14
17579756,13
17580436,12
17581116,11
17581788,11
17582468,14
17583148,13
17583820,18
17584500,25
17585180,20
17585852,13
17586532,18
17587212,19
17587884,14
17588564,16
17589236,11
17589908,31
17590588,48
17591260,20
17591932,14
17592612,11
17593284,10
17593956,12
17594636,10
17595308,14
17595980,12
17596660,10
17597336,10
17598012,14
17598692,14
17599368,20
17600044,22
17600720,13
17601396,10
17602076,10
17602756,11
17603428,12
17604108,12
17604788,15
17605460,14
17606140,12
17606820,12
17607492,14
17608172,14
17608852,19
17609524,26
17610204,20
17610884,13
17611556,10
17612236,12
17612916,11
17613588,12
17614264,14
17614944,13
17615620,12
17616296,12
17616976,12
17617652,12
17618328,15
17619008,15
17619684,10
17620360,17
17621044,20
17621716,18
17622396,16
17623076,14
17623748,19
17624428,14
17625104,20
17625780,26
17626456,23
17627132,29
17627812,17
17628492,20
17629164,42
17629836,43
17630516,42
17631188,31
17631860,26
17632540,16
17633212,44
17633884,54
17634564,58
17635236,57
17635908,44
17636588,30
17637260,30
17637940,65
17638620,56
17639292,21
17639972,18
17640652,19
17641324,12
17642004,40
17642684,53
17643356,60
17644036,20
17644716,43
17645388,30
17646068,12
17646748,17
17647420,76
17648100,58
17648780,17
17649452,12
17650132,11
17650812,18
17651484,10
17652164,18
17652844,22
17653516,32
17654196,16
17654876,13
17655548,24
17656228,12
17656908,12
17657580,18
17658260,30
17658940,37
17659612,10
17660292,26
17660972,24
17661644,22
17662324,13
17663004,11
17663676,26
17664356,20
17665032,21
17665708,26
17666384,27
17667060,12
17667732,38
17668412,36
17669084,30
17669756,18
17670436,19
17671108,12
17671780,11
17672460,24
17673132,26
17673804,13
17674484,44
17675156,46
17675832,26
17676512,11
17677180,35
17677860,55
17678540,60
17679212,13
17679892,38
17680572,47
17681244,34
17681924,16
17682604,47
17683276,50
17683956,34
17684636,19
17685308,18
17685988,10
17686668,11
17687340,16
17688020,14
17688700,13
17689372,14
17690052,16
17690732,12
17691404,12
17692084,14
17692764,23
17693436,14
17694116,10
17694796,18
17695468,10
17696144,12
17696824,12
17697500,14
17698176,16
17698856,12
17699532,12
17700212,11
17700888,11
17701564,12
17702244,15
17702924,16
17703596,14
17704276,14
17704948,15
17705620,11
17706296,11
17706972,12
17707644,11
17708324,11
17708996,12
17709668,10
17710348,10
17711020,10
17711692,11
17712372,12
17713044,15
17713720,12
17714404,10
17715076,12
17715756,20
17716436,35
17717108,41
17717788,37
17718468,16
17719140,10
17719820,10
17720500,44
17721172,66
17721852,74
17722532,59
17723204,34
17723884,12
17724564,12
17725236,11
17725916,10
17726596,12
17727268,20
17727948,16
17728628,14
17729300,24
17729976,39
17730660,63
17731332,74
17732012,64
17732692,19
17733364,31
17734044,52
17734724,79
17735396,46
17736076,28
17736752,38
17737428,43
17738108,22
17738788,12
17739460,19
17740140,22
17740820,24
17741492,14
17742172,12
17742844,12
17743524,20
17744204,28
17744876,36
17745548,19
17746228,10
17746900,10
17747572,14
17748252,26
17748924,18
17749596,15
17750276,22
17750948,19
17751620,16
17752300,12
17752972,16
17753652,38
17754332,36
17755004,12
17755684,30
17756364,24
17757036,11
17757716,14
17758396,16
17759072,14
17759748,13
17760428,11
17761100,10
17761780,12
17762460,12
17763132,16
17763812,14
17764492,13
17765164,30
17765844,52
17766524,42
17767196,18
17767876,11
17768556,13
17769228,11
17769908,10
17770588,11
17771260,10
17771940,12
17772620,20
17773292,18
17773972,18
17774652,12
17775324,14
17776004,38
17776684,37
17777356,21
17778036,12
17778716,36
17779388,46
17780068,23
17780748,13
17781420,10
17782100,14
17782772,16
17783444,14
17784124,21
17784796,40
17785468,46
17786148,19
17786820,24
17787492,36
17788172,23
17788844,35
17789516,56
17790196,35
17790868,14
17791548,27
17792228,48
17792900,76
17793580,80
17794260,40
17794932,12
17795612,14
17796292,20
17796964,28
17797644,16
17798324,11
17798996,23
17799676,19
17800356,21
17801028,12
17801708,18
17802388,10
17803060,10
17803740,12
17804420,20
17805092,26
17805772,20
17806452,15
17807124,14
17807804,11
17808484,18
17809156,22
17809836,14
17810516,11
17811188,11
17811868,10
17812548,11
17813220,11
17813900,12
17814580,36
17815252,47
17815932,34
17816612,20
17817284,21
17817964,58
17818644,57
17819316,50
17819996,25
17820668,12
17821348,10
17822028,12
17822700,11
17823372,12
17824052,12
17824724,14
17825396,14
17826076,11
17826748,23
17827420,32
17828100,19
17828772,28
17829444,14
17830124,24
17830796,38
17831476,22
17832156,18
17832828,50
17833508,60
17834188,51
17834860,39
17835540,12
17836220,76
17836892,120
17837624,74
17838300,26
17838972,14
17839652,10
17840332,12
17841004,19
17841684,21
17842364,24
17843036,16
17843716,15
17844396,11
17845068,10
17845748,13
17846428,10
17847100,12
17847780,18
17848460,17
17849132,16
17849812,14
17850492,13
17851164,12
17851844,10
17852524,13
17853196,16
17853876,14
17854556,12
17855232,11
17855908,12
17856588,13
17857260,27
17857940,32
17858620,41
17859292,22
17859972,27
17860652,39
17861324,42
17862004,18
17862684,11
17863356,11
17864036,16
17864716,13
17865388,11
17866068,19
17866740,35
17867412,26
17868092,10
17868764,19
17869440,22
17870116,16
17870788,11
17871460,27
17872140,28
17872812,29
17873484,18
17874164,12
17874836,12
17875512,12
17876196,14
17876868,30
17877548,22
17878228,11
17878900,26
17879580,32
17880260,30
17880932,26
17881612,12
17882292,17
17882964,26
17883644,38
17884324,33
17884996,18
17885676,15
17886356,14
17887032,38
17887708,25
17888388,12
17889060,17
17889740,24
17890420,13
17891092,16
17891772,38
17892452,74
17893128,54
17893804,22
17894484,23
17895156,14
17895836,10
17896516,11
17897188,17
17897868,10
17898548,16
17899224,13
17899900,12
17900580,13
17901252,12
17901932,14
17902612,11
17903284,14
17903964,16
17904640,14
17905316,10
17905996,12
17906668,13
17907340,14
17908020,12
17908692,12
17909364,10
17910044,10
17910716,15
17911392,23
17912068,30
17912744,26
17913416,17
17914092,11
17914764,23
17915444,34
17916124,19
17916800,11
17917476,18
17918156,13
17918832,15
17919508,11
17920188,10
17920860,16
17921536,22
17922212,19
17922884,10
17923560,13
17924240,19
17924916,22
17925596,14
17926276,12
17926948,20
17927624,27
17928308,36
17928980,30
17929656,17
17930336,25
17931012,66
17931692,66
17932372,45
17933044,16
17933720,11
17934404,16
17935076,16
17935756,12
17936436,22
17937108,14
17937788,10
17938468,25
17939140,32
17939820,40
17940500,33
17941172,12
17941852,25
17942524,27
17943204,22
17943880,14
17944556,18
17945228,23
17945908,16
17946580,14
17947252,38
17947932,36
17948604,22
17949276,14
17949956,10
17950628,11
17951300,11
17951980,10
17952652,13
17953328,20
17954012,18
17954684,16
17955364,11
17956044,28
17956716,22
17957396,12
17958076,24
17958748,33
17959428,30
17960108,19
17960780,12
17961460,18
17962140,15
17962812,14
17963492,24
17964172,31
17964844,20
17965520,23
17966204,17
17966876,13
17967556,17
17968236,24
17968908,19
17969588,22
17970268,46
17970940,27
17971620,11
17972300,21
17972972,16
17973652,13
17974332,19
17975004,27
17975684,16
17976364,10
17977036,18
17977716,20
17978396,12
17979068,14
17979748,20
17980428,20
17981100,15
17981780,14
17982452,16
17983124,12
17983804,14
17984476,11
17985148,10
17985828,18
17986500,14
17987172,16
17987852,19
17988524,34
17989196,31
17989876,14
17990548,30
17991224,48
17991908,36
17992580,11
17993260,11
17993940,11
17994612,13
17995292,10
17995972,30
17996648,40
17997324,26
17998004,22
17998676,17
17999356,12
18000036,12
18000708,14
18001388,14
18002068,17
18002740,14
18003420,14
18004100,11
18004772,10
18005452,11
18006132,15
18006804,11
18007484,20
18008164,19
18008836,11
18009516,22
18010196,41
18010868,18
18011548,10
18012228,12
18012900,12
18013580,20
18014260,13
18014932,11
18015612,13
18016292,12
18016964,14
18017644,15
18018324,13
18018996,11
18019676,10
18020348,10
18021028,10
18021708,15
18022384,23
18023056,12
18023728,18
18024404,47
18025076,58
18025752,36
18026428,12
18027100,12
18027780,15
18028452,17
18029124,14
18029800,11
18030476,14
18031152,14
18031836,11
18032508,10
18033188,12
18033868,21
18034540,37
18035220,32
18035896,15
18036572,12
18037248,20
18037932,21
18038604,28
18039280,32
18039964,29
18040636,27
18041316,15
18041996,16
18042668,37
18043348,27
18044028,25
18044700,22
18045380,16
18046060,15
18046732,11
18047412,10
18048092,13
18048764,16
18049440,12
18050120,19
18050796,28
18051476,12
18052156,19
18052828,28
18053504,47
18054188,41
18054860,11
18055536,27
18056220,53
18056892,40
18057572,12
18058252,25
18058924,30
18059604,16
18060276,14
18060948,36
18061628,11
18062300,11
18062972,10
18063652,18
18064324,12
18064996,11
18065672,12
18066348,14
18067020,30
18067700,24
18068372,10
18069048,18
18069732,25
18070404,40
18071080,31
18071764,11
18072436,11
18073116,21
18073796,47
18074468,68
18075144,15
18075828,36
18076500,30
18077180,24
18077860,24
18078532,34
18079212,36
18079892,32
18080564,39
18081240,12
18081924,48
18082596,58
18083276,42
18083952,25
18084628,22
18085308,12
18085988,13
18086660,24
18087336,30
18088020,21
18088692,10
18089372,10
18090052,13
18090724,36
18091404,26
18092084,17
18092756,20
18093436,12
18094116,10
18094788,10
18095468,21
18096148,37
18096820,18
18097496,10
18098172,12
18098852,11
18099532,10
18100204,10
18100876,11
18101556,14
18102228,11
18102900,19
18103580,37
18104252,34
18104924,23
18105604,13
18106276,32
18106948,43
18107628,48
18108300,30
18108980,18
18109660,10
18110332,19
18111012,24
18111692,32
18112364,20
18113044,10
18113724,13
18114396,22
18115076,20
18115756,14
18116428,11
18117108,10
18117788,17
18118460,42
18119140,59
18119820,47
18120492,26
18121172,28
18121852,75
18122524,101
18123256,63
18123932,27
18124604,26
18125284,26
18125960,19
18126636,12
18127316,10
18127996,11
18128668,20
18129344,28
18130028,26
18130700,20
18131380,22
18132060,13
18132732,10
18133412,12
18134092,16
18134764,10
18135444,18
18136124,31
18136796,24
18137476,18
18138156,15
18138828,14
18139508,12
18140188,12
18140860,14
18141540,18
18142220,17
18142892,12
18143572,10
18144248,11
18144916,12
18145596,13
18146268,19
18146940,24
18147620,44
18148292,30
18148964,14
18149644,24
18150316,27
18150992,37
18151668,14
18152340,11
18153020,16
18153700,12
18154372,16
18155052,28
18155732,30
18156404,11
18157084,29
18157764,31
18158436,12
18159116,26
18159796,18
18160472,20
18161148,32
18161828,19
18162500,10
18163180,24
18163860,27
18164532,26
18165212,15
18165892,56
18166564,91
18167244,64
18167924,29
18168596,21
18169276,14
18169956,45
18170628,51
18171308,48
18171988,30
18172664,11
18173340,40
18174020,44
18174692,25
18175372,12
18176052,12
18176724,10
18177404,11
18178084,12
18178756,10
18179436,14
18180116,19
18180788,22
18181468,28
18182140,19
18182820,12
18183500,12
18184172,16
18184844,10
18185524,12
18186196,11
18186868,11
18187548,12
18188220,10
18188892,12
18189568,17
18190244,28
18190916,42
18191596,34
18192268,13
18192948,40
18193628,38
18194300,33
18194980,24
18195660,20
18196332,17
18197012,14
18197692,15
18198364,30
18199044,22
18199724,20
18200396,14
18201076,30
18201756,41
18202428,30
18203108,16
18203788,13
18204460,11
18205140,11
18205820,12
18206492,11
18207172,12
18207852,16
18208524,21
18209204,18
18209884,16
18210556,15
18211236,30
18211916,12
18212588,28
18213268,45
18213948,39
18214620,14
18215300,22
18215980,52
18216656,42
18217332,26
18218012,22
18218684,20
18219364,20
18220044,22
18220716,14
18221396,10
18222068,11
18222744,11
18223420,12
18224092,17
18224764,16
18225444,14
18226116,10
18226788,10
18227468,10
18228140,10
18228812,11
18229488,12
18230164,10
18230840,10
18231524,11
18232196,24
18232876,34
18233556,36
18234232,30
18234908,11
18235588,33
18236260,66
18236940,46
18237620,12
18238292,28
18238972,40
18239652,36
18240328,12
18241000,52
18241684,71
18242356,50
18243036,30
18243716,12
18244388,16
18245068,12
18245748,10
18246420,10
18247096,11
18247780,17
18248452,22
18249132,15
18249812,11
18250484,11
18251164,12
18251844,11
18252516,14
18253196,20
18253876,21
18254548,20
18255228,14
18255908,12
18256580,16
18257260,18
18257940,12
18258612,14
18259292,10
18259964,19
18260644,19
18261324,13
18261996,16
18262668,14
18263348,10
18264020,12
18264692,11
18265372,10
18266044,13
18266716,13
18267396,20
18268068,25
18268740,23
18269420,14
18270092,27
18270772,15
18271452,16
18272124,12
18272804,20
18273484,12
18274156,33
18274836,50
18275516,42
18276188,27
18276868,14
18277548,70
18278220,92
18278900,56
18279580,19
18280252,11
18280932,11
18281612,13
18282284,12
18282964,62
18283644,85
18284316,60
18284996,29
18285676,13
18286348,88
18287028,110
18287760,38
18288436,13
18289116,18
18289796,20
18290468,11
18291148,11
18291828,15
18292500,20
18293180,16
18293860,20
18294532,19
18295212,10
18295892,17
18296564,21
18297244,14
18297924,17
18298596,22
18299276,22
18299956,15
18300632,12
18301308,20
18301988,18
18302664,11
18303340,12
18304020,27
18304692,27
18305372,15
18306044,14
18306724,14
18307404,11
18308076,11
18308748,11
18309428,12
18310100,11
18310772,16
18311452,11
18312124,10
18312796,14
18313476,19
18314148,13
18314820,12
18315500,15
18316176,13
18316852,12
18317532,14
18318204,16
18318884,15
18319564,16
18320236,12
18320916,12
18321596,13
18322272,20
18322948,16
18323628,17
18324300,14
18324980,12
18325660,28
18326332,41
18327012,56
18327692,47
18328364,24
18329044,22
18329724,79
18330396,81
18331076,54
18331756,33
18332428,16
18333108,18
18333788,24
18334460,14
18335140,18
18335820,24
18336496,16
18337172,16
18337852,29
18338524,24
18339204,19
18339884,17
18340556,12
18341236,11
18341916,12
18342592,10
18343268,10
18343948,12
18344624,18
18345300,18
18345972,10
18346644,12
18347324,10
18348000,11
18348668,11
18349348,11
18350024,12
18350696,17
18351372,14
18352044,10
18352716,10
18353396,11
18354068,22
18354744,36
18355428,28
18356100,11
18356780,26
18357460,30
18358132,28
18358812,20
18359492,13
18360164,40
18360844,42
18361524,17
18362196,10
18362876,16
18363556,23
18364228,19
18364908,14
18365588,11
18366260,12
18366940,16
18367620,20
18368292,13
18368972,12
18369652,11
18370324,22
18371004,49
18371684,50
18372356,47
18373036,26
18373716,20
18374388,59
18375068,70
18375748,59
18376420,39
18377100,16
18377780,12
18378452,13
18379132,26
18379812,13
18380484,28
18381164,18
18381844,32
18382516,28
18383196,22
18383872,25
18384548,13
18385228,16
18385900,35
18386572,19
18387252,11
18387924,20
18388596,18
18389276,38
18389948,63
18390620,50
18391300,26
18391972,14
18392644,11
18393324,10
18393996,11
18394676,26
18395356,12
18396028,12
18396708,10
18397388,12
18398060,11
18398740,10
18399420,11
18400092,11
18400768,10
18401452,11
18402124,15
18402804,16
18403484,14
18404156,12
18404836,22
18405516,31
18406188,22
18406868,13
18407548,13
18408220,30
18408900,33
18409580,11
18410252,18
18410932,19
18411612,13
18412284,10
18412964,12
18413644,13
18414316,44
18414996,57
18415676,49
18416348,18
18417028,20
18417708,43
18418380,86
18419060,92
18419740,50
18420412,36
18421092,58
18421772,37
18422444,12
18423124,16
18423796,16
18424468,13
18425148,15
18425820,14
18426492,10
18427172,11
18427844,11
18428516,14
18429196,14
18429872,13
18430544,11
18431220,10
18431896,14
18432572,17
18433248,11
18433916,11
18434592,12
18435272,13
18435940,10
18436616,10
18437296,11
18437972,14
18438648,11
18439328,11
18439996,14
18440676,33
18441352,49
18442028,52
18442704,28
18443384,12
18444060,30
18444736,70
18445420,57
18446092,12
18446768,29
18447448,36
18448124,32
18448800,14
18449480,18
18450148,42
18450824,53
18451508,36
18452180,16
18452860,10
18453536,13
18454212,31
18454892,26
18455568,13
18456244,10
18456920,14
18457596,13
18458276,12
18458952,12
18459628,10
18460300,11
18460980,15
18461652,20
18462324,18
18463004,16
18463676,10
18464348,11
18465024,12
18465700,14
18466372,14
18467052,12
18467724,10
18468404,12
18469080,10
18469756,10
18470436,16
18471112,12
18471788,20
18472468,22
18473148,16
18473820,12
18474496,13
18475180,15
18475852,12
18476532,23
18477212,43
18477884,30
18478564,12
18479244,33
18479916,54
18480596,64
18481276,41
18481948,14
18482628,44
18483308,36
18483980,12
18484656,14
18485336,22
18486012,36
18486692,36
18487372,13
18488044,24
18488720,54
18489404,60
18490076,52
18490756,48
18491436,16
18492108,54
18492788,80
18493468,82
18494140,70
18494820,34
18495500,12
18496172,10
18496848,10
18497524,13
18498196,10
18498876,26
18499548,34
18500220,28
18500900,28
18501572,18
18502244,21
18502924,37
18503596,27
18504268,17
18504948,18
18505620,20
18506296,21
18506972,14
18507644,11
18508324,14
18509004,19
18509676,20
18510356,16
18511036,33
18511708,48
18512388,31
18513068,21
18513740,13
18514420,42
18515096,61
18515772,38
18516452,15
18517132,17
18517804,18
18518484,10
18519164,11
18519836,10
18520516,10
18521196,11
18521868,11
18522548,10
18523228,12
18523900,14
18524580,20
18525260,33
18525932,34
18526612,36
18527292,15
18527964,32
18528644,50
18529320,40
18529996,22
18530676,10
18531356,17
18532028,14
18532708,18
18533388,29
18534060,35
18534740,28
18535412,14
18536084,47
18536760,68
18537436,26
18538108,30
18538788,30
18539460,18
18540132,11
18540812,26
18541484,62
18542156,59
18542836,23
18543508,13
18544188,16
18544868,20
18545540,20
18546220,16
18546900,10
18547572,12
18548252,14
18548932,16
18549604,13
18550284,11
18550964,13
18551636,19
18552316,15
18552996,15
18553668,12
18554348,11
18555028,12
18555700,11
18556380,20
18557060,26
18557732,22
18558412,17
18559092,25
18559764,19
18560444,19
18561120,34
18561788,18
18562464,48
18563144,69
18563820,48
18564500,36
18565176,17
18565852,11
18566528,13
18567208,16
18567884,10
18568560,10
18569240,11
18569916,16
18570596,22
18571276,24
18571948,12
18572628,13
18573300,20
18573972,18
18574652,21
18575324,16
18575996,17
18576676,14
18577348,10
18578020,20
18578696,21
18579372,20
18580044,16
18580724,17
18581396,19
18582072,29
18582756,46
18583428,56
18584108,26
18584788,29
18585460,62
18586140,80
18586820,51
18587492,46
18588172,42
18588848,12
18589524,26
18590204,25
18590884,16
18591556,16
18592236,14
18592916,13
18593588,12
18594268,16
18594948,16
18595620,20
18596300,22
18596980,27
18597652,17
18598332,12
18599012,27
18599684,34
18600364,33
18601044,36
18601716,36
18602396,11
18603076,25
18603748,34
18604428,22
18605108,45
18605780,48
18606460,29
18607140,16
18607812,14
18608492,11
18609172,11
18609844,15
18610524,40
18611196,41
18611880,41
18612556,36
18613228,20
18613900,11
18614580,23
18615252,28
18615924,30
18616604,26
18617276,12
18617948,18
18618628,30
18619300,36
18619972,25
18620652,10
18621324,11
18622004,12
18622684,12
18623356,17
18624036,26
18624712,37
18625388,41
18626068,33
18626748,13
18627420,22
18628100,63
18628780,49
18629452,11
18630132,14
18630812,11
18631484,11
18632164,19
18632844,12
18633516,13
18634196,12
18634876,19
18635548,12
18636228,31
18636908,42
18637580,20
18638260,12
18638940,11
18639612,16
18640292,19
18640968,12
18641644,24
18642320,43
18643004,13
18643676,16
18644356,22
18645036,33
18645708,26
18646388,14
18647068,13
18647740,11
18648420,14
18649100,12
18649772,17
18650448,11
18651124,18
18651796,25
18652476,18
18653148,16
18653820,16
18654500,10
18655172,10
18655844,14
18656524,18
18657196,18
18657868,32
18658548,47
18659220,38
18659896,12
18660580,12
18661252,10
18661932,41
18662612,69
18663284,54
18663964,31
18664644,25
18665316,14
18665996,16
18666676,16
18667348,18
18668028,14
18668708,12
18669380,29
18670060,46
18670740,23
18671412,10
18672092,10
18672772,15
18673444,15
18674124,14
18674804,12
18675476,16
18676156,20
18676836,15
18677508,11
18678188,10
18678868,9
18679488,10
18680172,12
18680852,21
18681524,26
18682204,26
18682876,12
18683556,14
18684236,10
18684908,11
18685580,14
18686260,20
18686932,19
18687604,18
18688284,31
18688956,48
18689628,33
18690304,11
18690980,10
18691652,12
18692332,11
18693004,26
18693684,38
18694364,32
18695036,14
18695716,38
18696396,40
18697068,30
18697748,58
18698428,89
18699100,66
18699780,14
18700460,12
18701132,10
18701812,12
18702492,16
18703164,12
18703844,10
18704524,10
18705196,10
18705876,12
18706556,13
18707228,15
18707908,22
18708588,19
18709260,10
18709940,10
18710620,10
18711292,10
18711972,10
18712652,10
18713324,11
18714004,16
18714684,27
18715356,18
18716036,12
18716716,13
18717388,11
18718068,10
18718748,23
18719420,23
18720100,16
18720776,11
18721452,18
18722128,11
18722804,16
18723476,20
18724156,27
18724828,12
18725500,10
18726180,10
18726852,12
18727524,14
18728204,24
18728876,18
18729548,16
18730228,42
18730900,31
18731580,12
18732260,34
18732932,78
18733612,56
18734292,18
18734964,10
18735644,10
18736324,14
18736996,22
18737676,16
18738356,11
18739032,10
18739708,12
18740388,11
18741060,12
18741740,22
18742420,26
18743092,38
18743772,46
18744452,38
18745124,18
18745804,10
18746484,25
18747156,50
18747836,44
18748516,27
18749188,14
18749868,20
18750548,32
18751220,32
18751900,16
18752580,21
18753252,40
18753932,44
18754612,31
18755284,15
18755964,12
18756644,19
18757316,15
18757996,12
18758676,15
18759348,19
18760028,11
18760700,24
18761380,25
18762060,10
18762732,10
18763404,11
18764084,14
18764756,18
18765428,13
18766108,12
18766780,12
18767452,14
18768132,18
18768804,36
18769476,12
18770156,18
18770828,16
18771508,22
18772188,42
18772860,56
18773540,37
18774220,13
18774892,49
18775572,123
18776304,102
18777032,23
18777708,28
18778388,32
18779060,14
18779732,15
18780412,16
18781084,28
18781756,39
18782436,12
18783108,43
18783788,40
18784468,15
18785140,14
18785820,24
18786500,36
18787172,42
18787852,18
18788532,15
18789204,44
18789884,56
18790564,53
18791236,23
18791916,11
18792596,17
18793268,12
18793948,14
18794628,10
18795300,11
18795980,10
18796660,16
18797332,28
18798012,28
18798692,19
18799368,11
18800044,18
18800724,17
18801396,10
18802076,11
18802756,22
18803428,12
18804108,11
18804788,12
18805460,15
18806140,12
18806820,13
18807492,16
18808172,24
18808852,28
18809524,11
18810204,16
18810876,16
18811560,12
18812236,11
18812908,11
18813580,11
18814260,11
18814932,11
18815608,11
18816284,13
18816956,10
18817628,10
18818308,14
18818980,22
18819652,18
18820332,18
18821004,27
18821684,22
18822364,16
18823036,14
18823716,12
18824396,13
18825068,12
18825748,10
18826428,12
18827100,10
18827780,12
18828460,13
18829132,19
18829812,34
18830492,29
18831164,28
18831844,26
18832524,17
18833196,57
18833876,86
18834556,59
18835232,23
18835908,10
18836588,22
18837260,32
18837940,14
18838620,10
18839296,29
18839972,41
18840652,18
18841324,14
18842004,19
18842680,14
18843356,10
18844036,16
18844716,21
18845388,10
18846068,13
18846748,16
18847420,14
18848100,11
18848776,16
18849452,12
18850128,12
18850804,30
18851476,33
18852156,22
18852828,10
18853500,11
18854180,16
18854852,12
18855524,13
18856204,13
18856876,38
18857548,64
18858228,49
18858900,34
18859580,12
18860260,31
18860932,32
18861612,12
18862292,17
18862964,50
18863644,47
18864324,22
18864996,10
18865676,12
18866356,12
18867028,16
18867708,18
18868388,12
18869060,12
18869740,11
18870420,17
18871092,18
18871772,14
18872452,11
18873124,28
18873804,32
18874484,23
18875156,16
18875836,12
18876516,18
18877188,26
18877868,10
18878548,30
18879224,37
18879900,28
18880580,10
18881252,19
18881932,12
18882612,20
18883284,22
18883960,48
18884644,69
18885316,70
18885996,51
18886676,13
18887348,16
18888028,17
18888700,13
18889380,10
18890060,15
18890732,20
18891404,16
18892084,12
18892756,14
18893428,10
18894108,12
18894780,28
18895452,56
18896132,81
18896804,86
18897476,70
18898156,30
18898828,40
18899508,80
18900188,72
18900860,74
18901540,62
18902220,44
18902892,23
18903572,21
18904252,12
18904924,10
18905604,12
18906280,12
18906956,17
18907636,24
18908316,15
18908988,10
18909668,10
18910348,13
18911020,34
18911700,50
18912380,52
18913052,43
18913732,18
18914412,17
18915084,46
18915764,43
18916444,18
18917116,12
18917796,14
18918476,17
18919148,10
18919828,16
18920508,23
18921180,28
18921860,32
18922540,39
18923212,38
18923892,34
18924572,22
18925244,16
18925924,33
18926604,43
18927276,48
18927956,18
18928632,11
18929300,21
18929980,46
18930652,39
18931324,31
18932004,26
18932676,20
18933348,16
18934028,12
18934700,11
18935372,10
18936052,12
18936724,19
18937404,18
18938084,11
18938756,14
18939436,34
18940116,57
18940792,56
18941468,55
18942148,29
18942824,42
18943500,74
18944180,80
18944852,44
18945528,17
18946212,11
18946884,20
18947560,40
18948244,52
18948916,39
18949596,17
18950276,35
18950948,66
18951628,52
18952308,20
18952980,12
18953660,10
18954340,12
18955012,16
18955692,18
18956372,12
18957044,11
18957724,15
18958404,13
18959076,22
18959756,30
18960436,30
18961108,20
18961788,14
18962468,13
18963140,10
18963820,20
18964500,19
18965172,23
18965852,18
18966524,22
18967204,24
18967884,14
18968556,20
18969228,22
18969908,12
18970580,26
18971252,16
18971932,24
18972604,37
18973276,30
18973956,46
18974628,53
18975300,43
18975980,12
18976656,20
18977332,19
18978012,22
18978684,24
18979364,23
18980044,19
18980716,19
18981396,14
18982076,12
18982748,12
18983428,17
18984108,11
18984780,14
18985460,13
18986140,13
18986812,11
18987492,12
18988172,20
18988844,14
18989524,13
18990204,31
18990876,29
18991556,18
18992236,11
18992908,59
18993588,84
18994268,50
18994944,24
18995620,12
18996300,13
18996972,12
18997652,18
18998332,15
18999008,11
18999684,12
19000364,12
19001036,10
19001716,17
19002396,39
19003072,37
19003748,30
19004428,15
19005104,19
19005780,36
19006452,14
19007124,30
19007804,30
19008476,43
19009148,28
19009828,48
19010500,82
19011172,45
19011852,14
19012524,32
19013196,40
19013876,28
19014548,12
19015228,58
19015908,58
19016580,14
19017260,16
19017940,15
19018612,20
19019292,32
19019972,45
19020648,49
19021324,30
19022004,13
19022676,12
19023356,22
19024036,22
19024708,16
19025388,42
19026068,12
19026740,24
19027420,33
19028100,23
19028772,23
19029452,34
19030132,47
19030808,34
19031484,14
19032164,33
19032836,41
19033516,37
19034196,11
19034868,19
19035548,46
19036228,45
19036900,31
19037580,14
19038260,41
19038936,34
19039612,36
19040292,20
19040964,11
19041644,42
19042324,61
19042996,40
19043676,14
19044348,13
19045028,10
19045708,10
19046384,16
19047056,17
19047732,16
19048404,12
19049076,22
19049756,26
19050428,12
19051100,11
19051780,20
19052452,36
19053124,38
19053804,34
19054476,22
19055156,28
19055836,48
19056512,43
19057188,44
19057868,12
19058540,11
19059220,12
19059900,13
19060572,28
19061252,28
19061932,20
19062604,10
19063284,10
19063964,11
19064636,14
19065316,30
19065996,35
19066668,26
19067348,26
19068028,12
19068700,18
19069380,31
19070060,18
19070736,15
19071412,14
19072092,16
19072764,18
19073444,35
19074124,37
19074796,12
19075476,38
19076156,51
19076828,43
19077508,22
19078188,17
19078860,28
19079540,20
19080220,15
19080892,16
19081572,22
19082252,21
19082924,16
19083604,12
19084276,13
19084948,11
19085628,10
19086300,11
19086972,14
19087652,22
19088324,18
19088996,11
19089676,24
19090348,52
19091020,38
19091700,12
19092372,32
19093052,31
19093732,38
19094408,48
19095084,28
19095764,34
19096436,62
19097116,52
19097796,14
19098468,16
19099148,17
19099828,33
19100500,49
19101180,36
19101860,18
19102532,10
19103212,10
19103892,15
19104568,13
19105244,18
19105924,24
19106596,26
19107276,16
19107956,12
19108628,12
19109308,16
19109988,10
19110664,10
19111340,16
19112020,24
19112692,26
19113372,12
19114052,14
19114728,16
19115404,18
19116084,15
19116756,12
19117436,24
19118116,17
19118788,12
19119468,22
19120148,23
19120820,44
19121500,79
19122176,77
19122856,27
19123532,26
19124204,69
19124876,80
19125556,78
19126232,53
19126904,27
19127580,10
19128256,20
19128928,18
19129604,12
19130276,26
19130948,22
19131628,12
19132300,17
19132980,11
19133660,22
19134332,38
19135012,30
19135692,27
19136368,21
19137044,12
19137724,47
19138396,39
19139076,16
19139756,25
19140432,24
19141108,13
19141788,12
19142460,43
19143140,32
19143820,17
19144496,17
19145172,18
19145852,16
19146528,27
19147204,26
19147884,12
19148560,11
19149236,14
19149916,16
19150592,11
19151268,20
19151948,18
19152624,11
19153300,11
19153980,11
19154652,11
19155332,24
19156012,35
19156684,40
19157364,28
19158044,18
19158720,11
19159396,27
19160076,49
19160748,38
19161428,12
19162104,49
19162776,77
19163452,74
19164128,71
19164800,50
19165476,20
19166152,17
19166824,13
19167500,10
19168176,11
19168848,14
19169524,25
19170196,38
19170876,60
19171556,76
19172232,82
19172908,38
19173588,30
19174264,92
19174940,116
19175672,78
19176352,27
19177024,16
19177700,12
19178372,10
19179052,15
19179732,13
19180408,10
19181084,11
19181764,18
19182440,18
19183116,12
19183796,11
19184472,12
19185148,22
19185828,36
19186504,31
19187180,13
19187860,32
19188536,24
19189212,18
19189892,20
19190568,18
19191244,16
19191924,16
19192600,11
19193276,16
19193956,22
19194632,18
19195308,11
19195988,19
19196664,13
19197344,12
19198020,17
19198696,11
19199376,28
19200056,13
19200724,36
19201400,33
19202080,40
19202756,44
19203436,16
19204116,44
19204788,38
19205468,58
19206140,63
19206820,32
19207500,30
19208172,32
19208844,12
19209520,10
19210196,12
19210868,10
19211548,11
19212220,24
19212892,14
19213568,13
19214244,38
19214916,39
19215596,16
19216268,16
19216944,56
19217628,36
19218300,12
19218980,78
19219660,113
19220384,80
19221052,31
19221732,14
19222404,10
19223080,17
19223764,17
19224436,12
19225116,12
19225796,12
19226468,18
19227148,18
19227828,15
19228500,11
19229180,10
19229860,12
19230532,14
19231212,12
19231892,15
19232564,30
19233244,28
19233924,21
19234596,16
19235276,20
19235956,21
19236628,14
19237308,17
19237988,27
19238660,26
19239340,16
19240020,40
19240692,60
19241372,40
19242052,32
19242724,18
19243404,94
19244084,116
19244808,87
19245484,63
19246164,37
19246836,12
19247516,19
19248196,30
19248868,20
19249548,11
19250228,22
19250900,25
19251580,23
19252256,17
19252932,10
19253612,16
19254292,23
19254964,12
19255644,11
19256316,12
19256996,12
19257676,12
19258348,12
19259020,11
19259700,10
19260372,27
19261044,57
19261724,40
19262396,32
19263068,36
19263748,16
19264420,45
19265092,18
19265772,11
19266444,30
19267124,42
19267804,36
19268476,36
19269156,14
19269836,26
19270508,44
19271188,30
19271868,31
19272540,14
19273220,35
19273900,57
19274572,40
19275252,29
19275932,11
19276604,11
19277284,10
19277964,17
19278636,14
19279316,10
19279996,11
19280668,10
19281348,12
19282028,15
19282700,19
19283380,15
19284060,11
19284732,16
19285412,13
19286092,12
19286764,11
19287444,16
19288124,15
19288796,13
19289476,13
19290156,14
19290828,24
19291508,28
19292188,28
19292860,12
19293536,20
19294220,19
19294892,22
19295572,10
19296244,18
19296916,50
19297596,57
19298268,42
19298940,15
19299620,12
19300292,12
19300964,17
19301644,12
19302316,14
19302992,11
19303668,13
19304340,12
19305016,22
19305700,18
19306372,20
19307052,32
19307732,32
19308404,14
19309084,16
19309764,40
19310436,39
19311116,12
19311796,24
19312472,18
19313148,20
19313828,17
19314500,25
19315180,26
19315860,29
19316532,30
19317212,24
19317892,11
19318564,30
19319244,36
19319924,13
19320596,26
19321276,28
19321956,12
19322628,19
19323308,24
19323988,14
19324664,15
19325340,11
19326020,17
19326692,10
19327372,16
19328052,19
19328724,16
19329404,19
19330084,22
19330756,30
19331436,29
19332116,15
19332788,12
19333468,14
19334140,25
19334820,36
19335500,42
19336172,30
19336844,14
19337524,26
19338196,43
19338868,34
19339548,24
19340220,20
19340892,24
19341572,12
19342244,25
19342916,31
19343596,26
19344268,26
19344948,12
19345628,11
19346300,18
19346980,19
19347660,22
19348332,28
19349012,16
19349692,12
19350364,18
19351044,60
19351724,52
19352396,35
19353076,32
19353756,28
19354428,28
19355108,20
19355788,15
19356460,14
19357140,14
19357820,12
19358492,19
19359172,15
19359852,10
19360524,12
19361204,12
19361884,10
19362556,16
19363236,10
19363916,11
19364588,14
19365268,12
19365948,12
19366620,11
19367300,28
19367980,31
19368652,18
19369332,18
19370012,12
19370684,62
19371364,82
19372044,28
19372716,14
19373396,16
19374068,16
19374740,18
19375420,24
19376092,36
19376764,42
19377444,35
19378116,18
19378788,20
19379468,27
19380140,26
19380812,34
19381492,32
19382164,14
19382844,14
19383524,10
19384196,12
19384876,10
19385556,9
19386180,10
19386864,17
19387540,17
19388212,16
19388892,56
19389572,61
19390244,56
19390924,36
19391604,15
19392280,20
19392956,34
19393636,49
19394308,73
19394988,52
19395668,15
19396340,14
19397020,13
19397700,11
19398372,16
19399052,20
19399732,15
19400404,18
19401084,18
19401764,10
19402436,12
19403116,12
19403796,21
19404472,22
19405148,14
19405820,51
19406500,46
19407180,12
19407852,12
19408524,23
19409204,16
19409876,11
19410548,16
19411228,18
19411900,21
19412572,14
19413252,10
19413924,11
19414596,13
19415276,12
19415948,14
19416628,26
19417308,22
19417980,13
19418660,10
19419340,11
19420012,11
19420692,10
19421372,10
19422044,15
19422724,16
19423404,26
19424076,17
19424756,12
19425436,37
19426108,24
19426788,10
19427468,11
19428140,10
19428820,10
19429500,11
19430176,20
19430852,16
19431532,12
19432204,25
19432884,33
19433564,13
19434240,12
19434916,11
19435596,10
19436268,10
19436948,14
19437628,13
19438300,11
19438980,16
19439660,12
19440336,16
19441012,25
19441692,34
19442364,38
19443044,20
19443724,12
19444396,19
19445076,46
19445752,67
19446424,70
19447100,33
19447776,12
19448448,21
19449124,30
19449800,17
19450468,37
19451148,46
19451824,34
19452496,31
19453172,12
19453848,34
19454524,28
19455204,16
19455880,13
19456560,14
19457232,19
19457908,19
19458588,18
19459264,16
19459940,15
19460620,16
19461300,33
19461972,35
19462652,28
19463332,24
19464004,10
19464680,24
19465364,19
19466036,18
19466716,30
19467396,32
19468068,12
19468748,44
19469428,48
19470100,28
19470780,10
19471460,12
19472132,12
19472812,11
19473492,12
19474164,12
19474844,18
19475524,15
19476196,18
19476876,16
19477556,9
19478176,14
19478864,16
19479532,16
19480204,14
19480884,12
19481556,18
19482232,21
19482908,11
19483580,14
19484252,10
19484932,20
19485604,28
19486276,35
19486956,36
19487628,14
19488308,16
19488988,18
19489660,14
19490340,38
19491020,47
19491692,37
19492372,30
19493052,25
19493724,13
19494404,10
19495084,11
19495756,15
19496436,12
19497116,20
19497788,30
19498468,16
19499148,45
19499820,46
19500500,26
19501180,12
19501852,18
19502532,20
19503212,11
19503884,14
19504564,20
19505244,16
19505916,16
19506596,12
19507276,27
19507948,22
19508628,11
19509308,17
19509980,12
19510660,15
19511340,16
19512012,22
19512692,14
19513372,17
19514044,13
19514724,11
19515404,12
19516076,12
19516756,14
19517432,16
19518104,13
19518780,10
19519452,19
19520128,18
19520800,12
19521476,10
19522148,10
19522828,16
19523500,16
19524172,14
19524852,12
19525524,16
19526200,27
19526884,32
19527556,38
19528236,24
19528916,12
19529588,51
19530268,66
19530948,44
19531620,22
19532300,16
19532980,16
19533652,16
19534332,12
19535012,11
19535684,16
19536364,38
19537044,56
19537716,44
19538396,18
19539076,31
19539748,50
19540428,46
19541108,32
19541780,22
19542460,18
19543140,11
19543812,10
19544492,10
19545172,11
19545848,10
19546524,10
19547204,10
19547876,11
19548556,10
19549236,12
19549908,12
19550588,26
19551268,27
19551940,13
19552620,10
19553300,11
19553972,15
19554652,14
19555324,15
19556004,11
19556684,12
19557356,13
19558032,12
19558708,12
19559380,12
19560052,18
19560732,25
19561404,16
19562076,10
19562756,16
19563428,16
19564100,13
19564780,16
19565456,11
19566132,16
19566812,19
19567484,22
19568164,20
19568844,12
19569516,14
19570196,16
19570876,29
19571552,47
19572228,32
19572908,12
19573580,22
19574260,19
19574940,12
19575612,12
19576292,14
19576972,13
19577644,11
19578324,10
19579004,10
19579676,16
19580356,17
19581036,15
19581708,11
19582388,24
19583068,14
19583744,10
19584420,13
19585100,11
19585772,28
19586452,34
19587132,33
19587804,18
19588484,14
19589164,27
19589836,14
19590516,12
19591196,23
19591872,35
19592548,35
19593228,19
19593900,11
19594580,16
19595252,11
19595924,20
19596604,35
19597280,39
19597948,28
19598628,17
19599304,11
19599976,11
19600652,14
19601324,18
19601996,18
19602676,27
19603348,35
19604028,19
19604708,22
19605380,47
19606060,42
19606740,12
19607412,42
19608092,60
19608772,49
19609448,13
19610124,10
19610804,31
19611476,50
19612156,18
19612836,25
19613508,18
19614188,10
19614868,22
19615540,38
19616220,36
19616900,21
19617572,10
19618252,18
19618932,41
19619604,32
19620284,14
19620964,11
19621636,11
19622316,12
19622996,17
19623668,16
19624348,16
19625028,19
19625700,16
19626380,30
19627060,39
19627736,13
19628412,24
19629092,19
19629764,36
19630444,18
19631124,14
19631800,18
19632476,12
19633152,21
19633832,31
19634508,27
19635184,16
19635856,13
19636532,39
19637208,53
19637876,46
19638556,26
19639232,12
19639904,23
19640580,42
19641252,38
19641928,19
19642604,16
19643276,30
19643956,32
19644636,30
19645312,27
19645988,11
19646668,14
19647344,24
19648020,23
19648700,13
19649372,26
19650052,36
19650732,19
19651404,11
19652084,10
19652764,13
19653440,18
19654116,12
19654796,16
19655472,17
19656148,22
19656828,15
19657504,12
19658180,17
19658860,16
19659536,18
19660212,16
19660892,11
19661564,10
19662240,10
19662920,12
19663596,11
19664276,11
19664952,12
19665628,14
19666304,22
19666984,37
19667660,52
19668336,43
19669020,23
19669692,14
19670372,63
19671052,65
19671724,32
19672404,26
19673076,48
19673748,30
19674428,28
19675100,44
19675772,46
19676452,23
19677124,10
19677796,18
19678476,10
19679148,16
19679820,11
19680500,10
19681172,26
19681848,47
19682524,40
19683196,12
19683876,40
19684552,52
19685228,46
19685904,39
19686588,13
19687260,42
19687936,67
19688620,65
19689292,36
19689972,17
19690652,11
19691324,12
19692004,10
19692680,11
19693356,16
19694036,16
19694716,19
19695388,14
19696068,14
19696744,12
19697420,10
19698100,12
19698780,16
19699452,10
19700132,11
19700812,11
19701484,18
19702164,25
19702844,28
19703516,22
19704196,11
19704876,18
19705548,26
19706228,12
19706908,14
19707580,14
19708260,30
19708940,51
19709612,40
19710292,12
19710964,14
19711636,14
19712316,14
19712988,40
19713660,60
19714336,56
19715012,23
19715684,12
19716364,25
19717036,68
19717708,80
19718388,43
19719060,12
19719736,39
19720420,44
19721092,31
19721772,12
19722452,28
19723124,28
19723804,15
19724484,12
19725156,12
19725832,12
19726516,21
19727188,26
19727868,10
19728548,10
19729220,10
19729900,11
19730580,19
19731252,36
19731932,12
19732612,11
19733284,18
19733964,12
19734644,13
19735316,22
19735996,24
19736676,25
19737348,34
19738028,26
19738708,19
19739380,12
19740060,15
19740740,19
19741412,16
19742092,14
19742772,12
19743444,10
19744124,12
19744800,11
19745476,10
19746156,11
19746836,14
19747508,10
19748188,12
19748860,12
19749540,12
19750220,14
19750892,31
19751564,28
19752244,15
19752916,19
19753588,27
19754268,18
19754940,14
19755612,16
19756292,17
19756964,16
19757636,14
19758316,12
19758988,13
19759668,10
19760348,14
19761020,18
19761700,24
19762380,17
19763052,12
19763732,34
19764412,31
19765084,14
19765764,11
19766440,12
19767116,10
19767796,11
19768476,10
19769148,24
19769828,39
19770508,43
19771180,40
19771860,28
19772540,13
19773212,24
19773892,12
19774572,14
19775244,22
19775924,73
19776604,89
19777276,52
19777956,14
19778636,18
19779308,16
19779988,12
19780668,21
19781340,26
19782020,21
19782700,25
19783372,23
19784052,20
19784728,20
19785404,42
19786084,39
19786764,12
19787436,16
19788116,22
19788788,41
19789460,27
19790140,15
19790812,12
19791484,10
19792164,18
19792836,16
19793508,11
19794188,10
19794860,18
19795532,12
19796212,30
19796884,12
19797560,12
19798244,14
19798916,30
19799596,22
19800276,11
19800948,20
19801628,32
19802308,23
19802980,31
19803660,16
19804340,39
19805012,44
19805692,23
19806372,12
19807048,41
19807724,34
19808404,22
19809076,35
19809756,46
19810436,69
19811108,40
19811788,15
19812468,33
19813140,25
19813820,26
19814500,25
19815172,12
19815852,18
19816532,42
19817204,46
19817884,33
19818564,28
19819236,34
19819916,35
19820596,124
19821320,112
19822056,51
19822732,38
19823404,38
19824084,18
19824764,14
19825436,13
19826116,18
19826796,28
19827468,52
19828148,54
19828828,41
19829500,11
19830180,20
19830860,20
19831532,11
19832212,26
19832892,23
19833564,15
19834244,22
19834924,58
19835596,75
19836276,35
19836956,23
19837628,18
19838308,13
19838988,14
19839664,16
19840340,18
19841012,12
19841684,12
19842360,14
19843036,12
19843708,10
19844388,10
19845060,14
19845732,18
19846412,19
19847084,14
19847756,11
19848436,13
19849108,22
19849784,18
19850460,20
19851132,10
19851812,28
19852492,37
19853164,14
19853844,26
19854524,11
19855196,20
19855876,20
19856556,11
19857228,19
19857908,62
19858588,67
19859260,23
19859940,29
19860620,41
19861292,30
19861972,23
19862652,23
19863324,53
19864004,50
19864684,27
19865356,13
19866036,12
19866712,16
19867388,18
19868068,23
19868748,26
19869420,28
19870100,27
19870780,30
19871452,14
19872132,12
19872808,17
19873484,14
19874164,12
19874844,11
19875516,14
19876196,22
19876876,27
19877548,36
19878228,12
19878900,30
19879572,40
19880252,18
19880924,38
19881596,68
19882276,26
19882948,46
19883620,38
19884300,10
19884972,16
19885644,42
19886324,50
19886996,30
19887672,13
19888356,12
19889028,36
19889708,37
19890388,12
19891060,20
19891740,23
19892420,19
19893092,14
19893772,10
19894452,12
19895124,12
19895804,20
19896484,20
19897156,30
19897836,38
19898516,27
19899188,14
19899868,13
19900548,11
19901220,22
19901900,10
19902580,16
19903252,50
19903932,52
19904612,23
19905284,27
19905964,52
19906644,64
19907316,41
19907996,16
19908676,45
19909348,78
19910028,50
19910708,29
19911380,26
19912060,65
19912740,57
19913412,22
19914092,15
19914772,55
19915448,113
19916176,63
19916852,10
19917524,10
19918204,10
19918884,10
19919556,16
19920236,16
19920916,13
19921588,10
19922268,12
19922940,17
19923620,24
19924300,13
19924972,11
19925644,20
19926324,16
19926996,16
19927668,14
19928348,13
19929020,12
19929692,11
19930372,23
19931044,51
19931716,52
19932396,26
19933068,20
19933748,54
19934428,71
19935100,46
19935780,12
19936460,11
19937132,11
19937812,12
19938492,18
19939164,20
19939844,21
19940524,25
19941196,17
19941876,12
19942556,11
19943228,14
19943908,19
19944588,11
19945260,14
19945940,26
19946620,35
19947296,14
19947972,16
19948652,19
19949324,20
19950004,24
19950684,22
19951356,10
19952036,27
19952716,33
19953388,25
19954068,12
19954748,44
19955424,30
19956100,16
19956780,19
19957456,12
19958132,12
19958812,25
19959484,12
19960164,45
19960844,42
19961516,10
19962196,13
19962872,12
19963544,32
19964220,32
19964896,19
19965564,12
19966244,22
19966920,12
19967592,32
19968272,15
19968940,14
19969612,41
19970288,51
19970964,26
19971640,11
19972324,33
19972996,30
19973676,30
19974356,55
19975028,32
19975708,16
19976388,35
19977060,47
19977740,24
19978420,24
19979092,29
19979772,12
19980452,11
19981124,11
19981804,11
19982484,12
19983156,32
19983836,15
19984516,16
19985188,11
19985868,11
19986548,23
19987220,49
19987900,52
19988580,68
19989252,64
19989932,49
19990612,12
19991284,24
19991964,38
19992644,63
19993316,128
19994048,78
19994724,11
19995396,10
19996076,18
19996756,12
19997428,26
19998108,22
19998788,14
19999460,12
20000140,10
20000816,11
20001492,12
20002168,11
20002848,17
20003524,20
20004204,29
20004880,13
20005556,18
20006236,14
20006908,26
20007588,32
20008268,24
20008940,18
20009612,10
20010288,10
20010964,18
20011636,10
20012316,11
20012988,20
20013660,36
20014340,41
20015012,37
20015684,22
20016364,11
20017036,28
20017716,22
20018396,16
20019068,24
20019748,30
20020428,39
20021100,40
20021780,16
20022460,16
20023132,20
20023812,12
20024492,14
20025164,18
20025844,14
20026524,9
20027144,12
20027828,21
20028508,28
20029180,30
20029860,19
20030540,9
20031160,20
20031844,24
20032524,16
20033196,12
20033876,14
20034548,24
20035220,28
20035896,12
20036572,10
20037244,16
20037924,16
20038596,24
20039268,56
20039948,88
20040620,68
20041292,16
20041972,11
20042644,16
20043320,12
20044000,10
20044668,10
20045348,16
20046028,15
20046700,16
20047380,18
20048060,33
20048732,44
20049412,36
20050092,29
20050764,12
20051444,34
20052124,45
20052796,15
20053476,10
20054156,24
20054828,28
20055508,36
20056188,21
20056860,20
20057540,22
20058220,39
20058892,35
20059572,14
20060252,19
20060924,18
20061604,11
20062284,17
20062956,37
20063636,18
20064316,16
20064988,28
20065668,25
20066348,27
20067020,33
20067700,18
20068380,12
20069052,14
20069732,10
20070412,14
20071084,15
20071764,10
20072436,11
20073108,12
20073788,11
20074460,12
20075132,20
20075812,40
20076484,46
20077156,36
20077836,23
20078508,25
20079180,14
20079860,13
20080532,11
20081212,24
20081892,62
20082564,59
20083244,16
20083920,13
20084596,16
20085276,12
20085956,12
20086628,11
20087308,25
20087988,46
20088660,38
20089340,18
20090020,18
20090692,17
20091372,20
20092052,16
20092724,22
20093404,40
20094084,39
20094756,12
20095436,66
20096116,101
20096840,65
20097512,37
20098196,17
20098868,14
20099548,27
20100228,26
20100900,18
20101580,56
20102260,62
20102932,48
20103612,14
20104292,71
20104964,65
20105644,51
20106324,29
20106996,18
20107676,27
20108356,22
20109028,10
20109708,14
20110388,31
20111064,13
20111740,12
20112420,10
20113092,14
20113772,22
20114452,21
20115124,12
20115804,12
20116476,20
20117156,42
20117836,40
20118508,35
20119180,54
20119860,36
20120532,41
20121204,89
20121884,126
20122608,85
20123276,34
20123956,27
20124628,12
20125300,18
20125980,18
20126652,32
20127324,25
20128004,10
20128676,34
20129348,50
20130028,12
20130700,16
20131380,10
20132060,10
20132732,11
20133412,10
20134092,16
20134764,18
20135444,16
20136124,18
20136796,18
20137476,12
20138156,23
20138828,15
20139508,12
20140188,15
20140860,12
20141540,12
20142220,10
20142892,18
20143572,44
20144252,32
20144924,12
20145604,27
20146284,38
20146956,38
20147636,19
20148316,11
20148988,14
20149668,18
20150348,16
20151024,12
20151700,10
20152380,14
20153052,12
20153732,11
20154412,14
20155084,12
20155764,12
20156444,12
20157116,12
20157796,16
20158476,40
20159148,42
20159828,45
20160504,43
20161172,27
20161852,10
20162524,14
20163196,13
20163876,36
20164548,102
20165272,80
20165948,37
20166620,12
20167292,11
20167972,12
20168644,11
20169316,20
20169996,22
20170668,31
20171340,21
20172020,12
20172692,30
20173372,57
20174052,34
20174724,12
20175404,26
20176084,28
20176756,26
20177436,24
20178116,14
20178788,16
20179468,10
20180148,11
20180820,12
20181500,25
20182180,25
20182852,18
20183532,13
20184212,14
20184884,42
20185564,60
20186244,45
20186916,12
20187596,34
20188276,59
20188948,51
20189628,22
20190308,13
20190980,12
20191660,20
20192340,17
20193012,10
20193692,19
20194372,12
20195044,11
20195724,10
20196404,13
20197076,14
20197756,11
20198436,11
20199108,24
20199788,22
20200468,13
20201140,14
20201820,10
20202492,16
20203172,14
20203852,27
20204524,26
20205196,11
20205876,16
20206548,26
20207220,38
20207900,12
20208576,17
20209244,18
20209924,10
20210596,12
20211268,16
20211948,47
20212620,57
20213300,48
20213980,28
20214652,18
20215332,10
20216012,28
20216684,40
20217364,37
20218044,34
20218716,22
20219396,19
20220076,32
20220752,47
20221428,51
20222108,31
20222784,11
20223460,18
20224140,19
20224812,18
20225492,16
20226172,11
20226844,11
20227524,32
20228204,35
20228876,27
20229556,30
20230236,33
20230912,26
20231588,26
20232268,12
20232940,66
20233620,85
20234300,57
20234972,16
20235652,10
20236332,12
20237004,19
20237684,19
20238364,15
20239036,13
20239716,16
20240396,12
20241068,12
20241748,11
20242420,12
20243092,10
20243772,20
20244444,18
20245116,13
20245796,16
20246468,32
20247140,27
20247820,12
20248492,11
20249164,12
20249844,10
20250516,14
20251192,14
20251876,18
20252548,21
20253228,26
20253908,21
20254584,13
20255260,10
20255940,12
20256616,12
20257292,12
20257972,12
20258644,10
20259324,24
20260004,26
20260676,10
20261356,14
20262036,17
20262712,15
20263388,22
20264068,30
20264740,14
20265420,32
20266100,25
20266772,22
20267452,32
20268132,43
20268808,36
20269484,16
20270164,11
20270836,10
20271516,10
20272196,13
20272868,14
20273548,12
20274228,14
20274904,11
20275580,14
20276260,16
20276932,11
20277612,10
20278292,11
20278964,12
20279644,14
20280316,12
20280996,12
20281676,14
20282348,14
20283020,13
20283700,10
20284372,19
20285044,14
20285724,10
20286396,28
20287072,53
20287748,62
20288424,49
20289092,34
20289772,28
20290444,68
20291124,54
20291804,43
20292476,29
20293156,10
20293836,17
20294508,16
20295188,22
20295868,36
20296540,46
20297220,58
20297900,49
20298572,36
20299252,16
20299932,28
20300608,24
20301284,16
20301964,11
20302636,10
20303316,34
20303996,46
20304672,15
20305348,10
20306028,14
20306700,35
20307380,47
20308060,30
20308736,14
20309412,14
20310092,12
20310768,24
20311444,26
20312124,27
20312800,35
20313476,24
20314156,13
20314832,13
20315508,24
20316188,40
20316860,26
20317540,11
20318220,12
20318892,11
20319572,15
20320248,19
20320916,12
20321596,11
20322268,22
20322940,19
20323620,12
20324292,11
20324964,11
20325644,11
20326316,10
20326992,12
20327668,14
20328340,12
20329016,10
20329700,10
20330372,10
20331052,14
20331732,19
20332404,22
20333084,14
20333764,12
20334436,16
20335116,16
20335796,14
20336472,10
20337148,10
20337828,12
20338500,16
20339180,22
20339860,15
20340532,12
20341212,12
20341892,10
20342564,11
20343244,10
20343924,10
20344600,10
20345276,10
20345956,18
20346628,34
20347308,26
20347988,15
20348664,25
20349340,36
20350020,33
20350696,17
20351372,43
20352052,51
20352724,32
20353404,12
20354084,26
20354756,54
20355436,64
20356116,25
20356788,48
20357468,72
20358140,85
20358820,36
20359500,23
20360172,42
20360844,27
20361524,23
20362196,46
20362868,52
20363548,41
20364220,12
20364892,18
20365572,11
20366244,18
20366916,11
20367596,18
20368268,23
20368948,20
20369628,22
20370300,27
20370980,10
20371660,14
20372336,15
20373012,27
20373692,19
20374368,12
20375044,10
20375724,13
20376400,15
20377076,10
20377756,26
20378428,18
20379108,11
20379788,10
20380460,15
20381140,14
20381820,11
20382492,15
20383172,14
20383852,11
20384528,12
20385204,16
20385884,13
20386556,11
20387236,14
20387916,22
20388588,19
20389268,12
20389948,17
20390624,32
20391300,18
20391980,11
20392656,26
20393332,36
20394012,21
20394688,15
20395364,12
20396044,20
20396720,11
20397396,14
20398072,26
20398744,16
20399420,22
20400092,19
20400764,12
20401444,12
20402116,12
20402788,22
20403468,40
20404140,20
20404812,26
20405492,42
20406164,30
20406844,34
20407524,16
20408196,61
20408876,74
20409556,49
20410232,36
20410908,12
20411588,11
20412264,14
20412940,22
20413620,27
20414292,18
20414972,11
20415652,16
20416328,20
20417004,14
20417684,10
20418356,16
20419036,13
20419716,31
20420392,14
20421068,14
20421748,23
20422424,31
20423100,22
20423780,12
20424452,12
20425132,12
20425812,10
20426488,11
20427164,18
20427844,22
20428516,14
20429196,10
20429876,10
20430548,11
20431228,12
20431908,13
20432584,13
20433260,12
20433940,10
20434612,17
20435292,22
20435964,29
20436648,27
20437324,22
20438000,17
20438672,11
20439348,12
20440024,14
20440692,11
20441372,12
20442048,12
20442716,14
20443396,12
20444072,10
20444744,12
20445420,10
20446096,10
20446772,10
20447452,10
20448128,13
20448804,12
20449484,12
20450156,14
20450836,18
20451516,30
20452192,31
20452868,18
20453548,13
20454224,11
20454904,18
20455580,20
20456256,21
20456932,31
20457612,28
20458284,21
20458964,20
20459644,24
20460316,22
20460996,12
20461676,14
20462352,13
20463028,12
20463708,17
20464384,13
20465060,13
20465740,11
20466416,13
20467092,16
20467772,49
20468448,64
20469124,44
20469804,14
20470480,37
20471156,88
20471836,89
20472512,43
20473192,13
20473868,21
20474544,18
20475224,13
20475896,11
20476568,10
20477248,10
20477920,13
20478592,12
20479276,25
20479952,28
20480628,14
20481304,31
20481972,26
20482640,20
20483320,15
20483988,16
20484664,34
20485336,44
20486004,18
20486680,27
20487356,30
20488028,19
20488704,14
20489380,16
20490052,17
20490728,14
20491408,14
20492076,24
20492752,30
20493436,29
20494108,26
20494784,15
20495460,22
20496132,42
20496808,46
20497484,38
20498156,12
20498832,14
20499512,13
20500188,26
20500864,61
20501544,27
20502212,14
20502888,34
20503568,34
20504244,26
20504920,14
20505596,13
20506276,12
20506952,15
20507620,13
20508292,10
20508968,10
20509644,11
20510316,10
20510996,10
20511668,10
20512340,10
20513016,22
20513692,16
20514364,14
20515044,11
20515716,12
20516396,12
20517076,25
20517748,20
20518428,10
20519104,10
20519772,10
20520452,12
20521128,18
20521804,20
20522480,29
20523160,30
20523836,12
20524512,22
20525192,24
20525868,14
20526548,10
20527224,21
20527900,16
20528580,10
20529260,19
20529932,16
20530608,16
20531288,20
20531964,16
20532640,18
20533320,43
20533996,36
20534676,16
20535356,12
20536028,10
20536704,10
20537384,11
20538060,12
20538736,14
20539420,27
20540092,44
20540772,27
20541452,12
20542124,18
20542800,12
20543476,27
20544148,62
20544824,38
20545500,11
20546172,12
20546848,10
20547524,10
20548196,12
20548872,19
20549548,10
20550220,13
20550900,10
20551572,12
20552248,14
20552928,14
20553604,14
20554280,11
20554960,13
20555636,22
20556316,34
20556996,42
20557668,18
20558348,24
20559028,43
20559700,55
20560380,52
20561060,25
20561732,10
20562412,10
20563088,10
20563764,14
20564440,17
20565120,15
20565796,13
20566472,12
20567152,11
20567828,16
20568508,24
20569184,16
20569860,10
20570536,13
20571220,19
20571892,10
20572572,11
20573252,23
20573924,36
20574604,44
20575284,39
20575956,22
20576636,23
20577316,48
20577988,42
20578668,30
20579348,26
20580020,31
20580700,27
20581372,19
20582052,12
20582732,16
20583404,15
20584076,10
20584752,10
20585428,11
20586100,15
20586776,18
20587452,18
20588124,12
20588804,21
20589476,22
20590148,19
20590828,22
20591500,33
20592180,26
20592860,39
20593532,46
20594212,16
20594892,33
20595564,56
20596244,60
20596924,64
20597596,36
20598276,10
20598956,13
20599628,16
20600308,16
20600988,12
20601660,30
20602340,28
20603020,14
20603692,10
20604372,18
20605052,13
20605724,12
20606404,12
20607084,13
20607756,12
20608436,11
20609112,29
20609788,24
20610464,14
20611148,43
20611820,39
20612500,14
20613176,25
20613852,16
20614532,16
20615208,33
20615884,40
20616564,12
20617244,13
20617916,23
20618596,40
20619276,40
20619948,44
20620628,43
20621300,23
20621972,12
20622652,50
20623324,72
20623996,61
20624676,38
20625348,24
20626020,10
20626700,11
20627372,13
20628044,10
20628724,10
20629396,11
20630072,22
20630756,16
20631428,12
20632108,13
20632788,17
20633460,11
20634140,22
20634820,40
20635492,32
20636172,10
20636852,11
20637524,12
20638204,11
20638884,23
20639556,29
20640236,30
20640916,17
20641588,26
20642268,51
20642948,40
20643620,26
20644300,10
20644976,21
20645652,40
20646328,35
20647012,21
20647684,11
20648360,26
20649040,53
20649716,44
20650392,13
20651076,12
20651748,14
20652428,10
20653108,12
20653780,18
20654460,22
20655136,24
20655812,27
20656492,28
20657172,13
20657844,14
20658524,23
20659196,13
20659876,20
20660552,22
20661228,10
20661900,10
20662580,44
20663252,34
20663924,18
20664604,22
20665276,34
20665948,27
20666624,14
20667300,16
20667972,26
20668652,13
20669324,10
20670004,20
20670684,24
20671356,24
20672036,28
20672712,19
20673388,15
20674068,23
20674748,15
20675420,16
20676100,10
20676780,12
20677452,15
20678132,38
20678812,52
20679484,30
20680164,15
20680840,12
20681516,11
20682196,10
20682876,25
20683548,38
20684228,36
20684908,29
20685580,16
20686256,12
20686936,37
20687612,34
20688292,36
20688968,34
20689644,18
20690320,13
20691000,20
20691676,14
20692356,11
20693036,13
20693708,12
20694388,17
20695068,12
20695740,10
20696420,11
20697096,12
20697772,10
20698448,11
20699124,15
20699796,11
20700476,20
20701148,22
20701820,14
20702500,12
20703172,22
20703844,27
20704524,18
20705196,10
20705868,12
20706548,12
20707220,12
20707896,12
20708580,10
20709252,26
20709932,49
20710612,30
20711284,12
20711964,20
20712644,33
20713316,41
20713996,30
20714676,20
20715348,24
20716028,17
20716708,12
20717380,11
20718060,10
20718740,10
20719412,10
20720092,16
20720772,24
20721444,20
20722124,11
20722804,20
20723476,38
20724156,46
20724836,45
20725508,24
20726188,12
20726868,20
20727540,32
20728220,24
20728900,14
20729572,11
20730252,20
20730932,29
20731604,32
20732284,18
20732964,28
20733636,62
20734316,50
20734996,16
20735668,10
20736348,11
20737020,13
20737700,18
20738376,19
20739052,12
20739724,14
20740404,22
20741076,38
20741748,32
20742428,15
20743100,10
20743772,12
20744452,20
20745124,18
20745796,14
20746476,26
20747148,30
20747828,23
20748508,17
20749180,14
20749860,22
20750540,29
20751212,46
20751892,36
20752572,15
20753244,10
20753924,10
20754604,12
20755276,19
20755956,20
20756636,13
20757308,12
20757988,12
20758668,9
20759288,10
20759972,12
20760652,15
20761324,13
20762004,13
20762684,27
20763356,27
20764036,20
20764716,17
20765388,13
20766068,30
20766748,44
20767420,36
20768100,24
20768776,13
20769452,11
20770132,11
20770804,11
20771476,11
20772156,14
20772828,18
20773500,12
20774180,30
20774852,39
20775524,38
20776204,28
20776876,12
20777548,51
20778228,72
20778900,59
20779580,34
20780260,16
20780932,11
20781612,10
20782292,13
20782964,14
20783644,16
20784324,15
20784996,14
20785676,12
20786356,11
20787028,11
20787708,12
20788388,19
20789060,26
20789740,26
20790420,25
20791092,22
20791772,20
20792452,20
20793124,25
20793804,18
20794484,21
20795156,46
20795836,36
20796516,30
20797192,23
20797868,12
20798548,15
20799220,15
20799900,12
20800580,11
20801252,10
20801932,12
20802608,12
20803284,10
20803960,10
20804644,11
20805316,13
20805996,12
20806676,13
20807348,12
20808028,10
20808700,12
20809372,11
20810048,10
20810724,10
20811396,12
20812076,31
20812748,49
20813420,44
20814096,30
20814772,12
20815444,52
20816120,54
20816796,38
20817468,12
20818148,15
20818820,22
20819496,33
20820180,23
20820852,12
20821528,10
20822212,12
20822884,12
20823564,12
20824244,13
20824916,10
20825596,20
20826276,28
20826948,26
20827628,16
20828308,11
20828980,24
20829656,30
20830340,13
20831012,13
20831692,20
20832372,19
20833044,12
20833724,18
20834400,16
20835076,18
20835756,16
20836436,15
20837108,24
20837788,29
20838468,29
20839140,17
20839820,13
20840500,12
20841172,16
20841852,14
20842528,11
20843204,10
20843880,13
20844564,12
20845236,12
20845916,12
20846588,11
20847268,11
20847948,11
20848620,11
20849292,11
20849968,10
20850644,10
20851316,11
20851996,10
20852668,12
20853340,11
20854020,16
20854692,16
20855364,10
20856044,18
20856716,30
20857396,48
20858076,50
20858748,46
20859428,18
20860108,38
20860780,90
20861460,93
20862140,54
20862812,26
20863492,10
20864172,13
20864844,16
20865520,19
20866204,19
20866876,22
20867556,12
20868236,11
20868908,18
20869588,12
20870268,11
20870940,12
20871620,20
20872300,31
20872972,26
20873652,18
20874332,17
20875004,24
20875684,10
20876364,16
20877036,14
20877716,12
20878396,29
20879068,42
20879748,16
20880428,12
20881100,12
20881780,12
20882460,12
20883132,10
20883812,10
20884492,13
20885164,14
20885844,14
20886516,13
20887188,12
20887868,16
20888540,19
20889212,19
20889892,14
20890564,14
20891236,24
20891912,21
20892588,10
20893260,11
20893940,11
20894612,10
20895288,12
20895964,12
20896636,11
20897316,11
20897992,11
20898668,14
20899344,30
20900028,43
20900700,46
20901380,48
20902060,39
20902732,12
20903408,58
20904092,55
20904764,34
20905444,19
20906124,59
20906796,58
20907476,46
20908156,15
20908828,19
20909508,36
20910188,55
20910860,74
20911540,70
20912220,61
20912892,50
20913572,26
20914252,16
20914924,11
20915604,14
20916284,16
20916956,10
20917636,10
20918316,12
20918988,10
20919668,12
20920348,19
20921020,26
20921700,24
20922380,21
20923052,28
20923732,20
20924404,13
20925076,14
20925756,10
20926428,23
20927100,22
20927780,14
20928452,10
20929124,10
20929804,10
20930476,10
20931148,11
20931828,11
20932500,11
20933176,12
20933860,12
20934532,10
20935212,10
20935892,11
20936564,12
20937244,11
20937924,12
20938596,11
20939276,14
20939956,13
20940628,12
20941308,12
20941988,15
20942660,10
20943340,10
20944020,10
20944692,12
20945372,12
20946052,9
20946672,10
20947356,11
20948036,13
20948708,17
20949388,18
20950068,17
20950740,16
20951420,23
20952100,30
20952772,32
20953452,12
20954132,60
20954804,51
20955484,24
20956156,66
20956840,89
20957516,76
20958188,43
20958860,18
20959540,89
20960216,103
20960936,74
20961612,90
20962284,90
20962956,62
20963636,30
20964308,19
20964980,14
20965660,16
20966332,14
20967008,11
20967684,10
20968356,11
20969028,18
20969708,16
20970380,12
20971060,10
20971740,10
20972412,12
20973088,19
20973768,33
20974444,42
20975120,35
20975796,32
20976468,24
20977144,12
20977824,12
20978500,12
20979176,26
20979860,23
20980532,15
20981208,16
20981888,13
20982564,14
20983240,12
20983920,13
20984596,18
20985272,26
20985956,17
20986628,12
20987308,11
20987984,12
20988660,12
20989340,11
20990020,12
20990692,14
20991372,10
20992052,11
20992720,13
20993400,15
20994076,19
20994748,36
20995424,46
20996092,49
20996772,40
20997448,36
20998124,20
20998796,84
20999472,95
21000148,64
21000820,28
21001496,19
21002172,12
21002844,11
21003520,12
21004196,13
21004868,14
21005544,13
21006212,11
21006888,12
21007568,13
21008244,14
21008920,12
21009596,16
21010268,44
21010944,38
21011628,21
21012300,39
21012980,46
21013656,57
21014324,68
21015004,57
21015684,20
21016356,14
21017032,33
21017716,64
21018388,72
21019064,53
21019744,12
21020420,12
21021096,22
21021776,31
21022452,26
21023132,16
21023812,12
21024484,12
21025160,17
21025836,18
21026508,10
21027184,18
21027868,17
21028540,12
21029216,11
21029896,13
21030572,12
21031248,24
21031924,22
21032596,20
21033276,29
21033948,28
21034620,14
21035300,15
21035972,24
21036644,27
21037324,18
21037996,11
21038668,24
21039348,22
21040020,14
21040696,12
21041372,12
21042044,12
21042720,14
21043404,13
21044076,12
21044752,17
21045432,11
21046108,14
21046784,14
21047468,13
21048140,36
21048820,22
21049496,12
21050172,11
21050852,10
21051532,11
21052204,15
21052884,16
21053560,12
21054236,12
21054916,16
21055592,20
21056268,15
21056944,13
21057620,19
21058292,15
21058968,14
21059648,21
21060324,18
21061000,12
21061680,9
21062304,18
21062988,46
21063660,60
21064332,42
21065008,12
21065684,46
21066356,70
21067036,57
21067708,46
21068380,16
21069060,10
21069732,14
21070404,12
21071080,20
21071756,30
21072436,16
21073116,19
21073788,20
21074468,15
21075144,12
21075820,10
21076500,24
21077176,21
21077852,10
21078532,24
21079212,36
21079884,18
21080564,26
21081240,48
21081916,38
21082596,14
21083276,19
21083948,10
21084628,12
21085308,15
21085980,22
21086660,23
21087340,12
21088012,16
21088688,30
21089372,28
21090044,16
21090724,11
21091404,16
21092076,16
21092756,33
21093436,35
21094108,13
21094788,12
21095464,13
21096140,10
21096816,11
21097496,15
21098172,14
21098852,15
21099532,13
21100204,10
21100880,18
21101556,24
21102228,19
21102908,10
21103580,13
21104252,17
21104932,28
21105604,27
21106276,16
21106956,12
21107628,14
21108300,11
21108980,12
21109652,16
21110328,18
21111012,11
21111684,16
21112364,11
21113044,13
21113716,12
21114396,10
21115076,11
21115748,11
21116428,12
21117108,13
21117780,11
21118460,12
21119140,13
21119812,24
21120492,18
21121168,17
21121836,18
21122512,18
21123192,17
21123868,12
21124544,21
21125224,29
21125900,38
21126580,32
21127256,21
21127932,10
21128612,12
21129288,32
21129964,12
21130640,34
21131320,29
21131996,11
21132676,24
21133356,31
21134028,10
21134708,24
21135388,32
21136060,18
21136736,18
21137404,46
21138084,78
21138760,59
21139436,26
21140108,18
21140784,12
21141460,22
21142132,17
21142812,10
21143484,10
21144156,12
21144836,20
21145508,10
21146180,13
21146856,14
21147532,14
21148208,11
21148888,11
21149564,16
21150240,11
21150924,23
21151596,22
21152276,18
21152952,13
21153628,10
21154304,23
21154988,23
21155660,13
21156340,16
21157016,17
21157692,12
21158372,22
21159052,21
21159724,20
21160400,29
21161080,21
21161756,10
21162432,12
21163116,11
21163788,10
21164468,11
21165148,15
21165820,12
21166500,10
21167180,11
21167852,16
21168532,22
21169212,29
21169884,30
21170564,20
21171244,13
21171916,38
21172596,51
21173276,40
21173948,22
21174628,14
21175308,12
21175980,24
21176660,34
21177332,15
21178004,10
21178680,12
21179356,14
21180028,10
21180708,10
21181380,11
21182052,12
21182732,12
21183404,10
21184076,25
21184752,52
21185428,62
21186104,37
21186780,18
21187452,22
21188132,65
21188812,69
21189484,31
21190164,12
21190844,17
21191516,11
21192196,12
21192876,17
21193548,32
21194228,23
21194908,10
21195580,22
21196260,26
21196940,17
21197612,20
21198288,38
21198972,37
21199644,22
21200324,10
21201000,11
21201676,14
21202352,14
21203036,12
21203708,16
21204388,16
21205068,23
21205740,26
21206420,16
21207096,25
21207772,26
21208452,16
21209128,11
21209804,12
21210480,14
21211160,11
21211836,10
21212516,10
21213196,11
21213868,12
21214548,20
21215220,20
21215892,14
21216572,12
21217244,17
21217916,18
21218596,13
21219268,42
21219940,40
21220620,18
21221292,42
21221964,65
21222644,72
21223316,38
21223992,16
21224668,12
21225340,10
21226020,10
21226700,9
21227320,11
21228004,16
21228680,13
21229356,18
21230036,12
21230716,13
21231388,11
21232068,12
21232748,13
21233420,16
21234100,18
21234780,15
21235452,14
21236132,11
21236812,11
21237484,10
21238164,12
21238844,13
21239516,23
21240196,26
21240876,23
21241548,13
21242228,10
21242908,13
21243580,16
21244260,28
21244940,33
21245612,50
21246292,64
21246964,59
21247636,14
21248316,58
21248988,80
21249660,68
21250336,71
21251012,54
21251684,18
21252360,11
21253036,12
21253708,10
21254388,22
21255060,20
21255736,12
21256420,12
21257092,15
21257772,19
21258452,20
21259124,11
21259804,22
21260484,23
21261156,14
21261836,12
21262516,12
21263188,15
21263868,14
21264548,13
21265220,16
21265900,24
21266580,17
21267252,12
21267928,12
21268612,10
21269284,10
21269964,12
21270644,11
21271316,12
21271996,14
21272676,12
21273348,14
21274028,16
21274708,21
21275380,22
21276060,14
21276740,9
21277360,12
21278044,10
21278716,12
21279400,10
21280076,29
21280748,34
21281420,30
21282100,23
21282772,16
21283444,16
21284124,30
21284796,30
21285468,38
21286148,24
21286820,16
21287492,10
21288172,11
21288844,14
21289524,12
21290204,12
21290876,14
21291556,10
21292236,11
21292908,11
21293588,11
21294268,11
21294940,10
21295620,10
21296300,12
21296972,14
21297652,18
21298332,16
21299004,13
21299684,14
21300360,10
21301028,10
21301704,12
21302384,11
21303060,11
21303736,18
21304416,24
21305092,16
21305768,12
21306448,18
21307116,31
21307796,26
21308476,13
21309148,14
21309828,15
21310504,15
21311180,16
21311860,13
21312540,20
21313212,12
21313888,12
21314568,12
21315244,12
21315920,12
21316596,12
21317268,10
21317944,10
21318620,10
21319292,11
21319972,11
21320644,18
21321316,22
21321992,23
21322668,24
21323340,28
21324020,18
21324692,21
21325368,32
21326044,25
21326716,20
21327396,62
21328072,94
21328748,91
21329424,50
21330108,16
21330780,11
21331460,11
21332136,13
21332812,18
21333488,12
21334172,12
21334844,10
21335524,10
21336204,11
21336876,15
21337556,10
21338236,12
21338908,16
21339588,22
21340268,19
21340940,16
21341616,16
21342296,15
21342972,14
21343652,34
21344332,36
21345004,12
21345684,19
21346360,32
21347036,51
21347716,42
21348396,20
21349068,40
21349748,40
21350428,38
21351100,20
21351780,12
21352456,12
21353132,26
21353812,40
21354484,35
21355156,26
21355836,20
21356508,42
21357180,46
21357860,28
21358532,10
21359204,22
21359884,23
21360556,15
21361228,10
21361904,10
21362580,10
21363256,11
21363932,14
21364604,12
21365280,12
21365960,13
21366636,14
21367316,25
21367996,23
21368668,18
21369348,16
21370028,28
21370700,38
21371380,26
21372060,12
21372732,22
21373412,26
21374092,27
21374764,46
21375444,38
21376124,27
21376796,10
21377476,32
21378156,69
21378828,82
21379508,44
21380188,12
21380860,10
21381540,13
21382220,19
21382892,12
21383568,11
21384252,17
21384924,23
21385604,30
21386280,26
21386956,12
21387636,12
21388316,12
21388988,12
21389664,21
21390348,25
21391020,36
21391700,42
21392372,34
21393044,12
21393720,58
21394396,66
21395068,51
21395748,27
21396420,12
21397092,10
21397772,12
21398444,10
21399116,16
21399796,24
21400468,24
21401148,18
21401828,10
21402500,14
21403176,13
21403860,11
21404532,10
21405208,12
21405888,23
21406564,37
21407244,40
21407924,21
21408596,11
21409276,12
21409956,11
21410628,16
21411308,16
21411988,21
21412660,16
21413340,12
21414020,15
21414692,12
21415372,17
21416052,16
21416724,23
21417404,44
21418084,41
21418756,24
21419436,20
21420116,46
21420788,68
21421468,71
21422148,28
21422820,14
21423500,12
21424180,12
21424852,11
21425528,17
21426212,16
21426884,10
21427564,10
21428244,13
21428916,14
21429596,12
21430268,15
21430948,19
21431628,20
21432300,20
21432972,12
21433652,14
21434324,14
21434996,10
21435676,18
21436348,22
21437020,11
21437700,14
21438372,11
21439044,24
21439724,38
21440400,24
21441072,17
21441756,24
21442428,15
21443108,24
21443788,53
21444460,38
21445140,10
21445820,16
21446492,14
21447168,12
21447852,12
21448524,16
21449204,12
21449884,13
21450556,19
21451236,22
21451916,26
21452588,24
21453268,17
21453948,20
21454620,24
21455300,40
21455980,55
21456652,53
21457332,14
21458012,32
21458684,26
21459364,10
21460040,17
21460716,34
21461396,26
21462076,12
21462748,19
21463428,20
21464104,17
21464780,12
21465460,12
21466140,12
21466812,10
21467492,20
21468172,20
21468844,11
21469520,14
21470196,34
21470868,42
21471548,32
21472220,16
21472892,16
21473572,18
21474244,16
21474916,14
21475596,16
21476268,27
21476940,22
21477620,20
21478292,14
21478972,10
21479652,14
21480324,12
21481000,14
21481684,16
21482356,10
21483036,14
21483716,43
21484388,70
21485068,84
21485748,91
21486420,62
21487100,16
21487780,99
21488452,132
21489184,131
21489912,66
21490588,30
21491260,16
21491940,12
21492612,14
21493292,14
21493972,14
21494644,16
21495324,16
21496004,13
21496676,12
21497356,12
21498036,13
21498708,16
21499388,14
21500068,9
21500688,10
21501376,11
21502052,14
21502728,13
21503404,11
21504084,12
21504756,11
21505432,12
21506112,17
21506788,16
21507464,14
21508144,13
21508820,10
21509496,13
21510176,27
21510852,40
21511528,48
21512212,35
21512884,14
21513560,28
21514236,59
21514916,51
21515596,28
21516268,12
21516940,11
21517616,11
21518292,10
21518964,14
21519644,12
21520316,10
21520988,11
21521664,12
21522340,16
21523012,14
21523692,30
21524364,36
21525044,34
21525720,30
21526396,12
21527076,36
21527756,60
21528428,20
21529104,10
21529788,16
21530460,14
21531140,20
21531820,32
21532492,30
21533172,20
21533852,13
21534524,20
21535204,18
21535884,9
21536504,12
21537188,11
21537868,12
21538540,11
21539220,13
21539896,12
21540572,14
21541252,10
21541932,21
21542604,18
21543280,11
21543964,15
21544636,22
21545316,20
21545992,21
21546668,44
21547348,47
21548020,26
21548692,22
21549372,62
21550044,65
21550716,31
21551396,13
21552068,15
21552740,14
21553420,13
21554092,32
21554764,42
21555444,22
21556116,14
21556792,11
21557468,22
21558140,37
21558820,22
21559500,23
21560172,17
21560852,14
21561532,45
21562204,62
21562884,38
21563560,12
21564236,10
21564916,12
21565596,13
21566268,19
21566948,20
21567628,10
21568300,11
21568976,22
21569656,19
21570332,12
21571012,12
21571692,13
21572364,12
21573044,13
21573724,25
21574396,26
21575076,14
21575756,17
21576428,22
21577108,32
21577788,11
21578460,16
21579140,24
21579820,11
21580492,37
21581172,58
21581852,44
21582524,24
21583204,12
21583884,12
21584556,10
21585236,11
21585908,11
21586580,12
21587260,14
21587932,15
21588604,11
21589284,12
21589956,15
21590628,17
21591308,20
21591980,16
21592652,10
21593332,16
21594004,18
21594684,28
21595364,16
21596036,15
21596716,32
21597396,44
21598068,30
21598748,22
21599428,17
21600100,11
21600776,10
21601460,11
21602132,11
21602812,15
21603492,15
21604164,12
21604840,10
21605524,17
21606196,30
21606876,38
21607552,29
21608228,14
21608904,13
21609588,25
21610260,28
21610936,30
21611620,21
21612292,10
21612972,22
21613648,21
21614324,18
21615004,13
21615684,23
21616356,18
21617036,12
21617716,15
21618388,11
21619068,12
21619748,20
21620420,31
21621100,14
21621780,16
21622452,24
21623132,24
21623804,23
21624484,11
21625164,23
21625836,20
21626508,10
21627188,10
21627860,30
21628532,44
21629212,40
21629884,22
21630556,12
21631236,23
21631908,31
21632580,27
21633256,15
21633932,16
21634608,29
21635288,11
21635964,11
21636640,12
21637320,11
21637996,10
21638676,12
21639352,12
21640028,13
21640704,23
21641380,26
21642052,19
21642732,14
21643408,13
21644084,16
21644760,19
21645444,20
21646116,23
21646796,19
21647476,12
21648148,13
21648824,12
21649504,13
21650180,16
21650856,32
21651540,36
21652212,31
21652892,16
21653568,21
21654244,11
21654924,17
21655604,13
21656276,12
21656956,15
21657636,14
21658308,16
21658984,25
21659664,29
21660340,32
21661020,12
21661692,32
21662372,28
21663052,36
21663724,48
21664396,42
21665076,20
21665748,11
21666420,10
21667100,14
21667772,28
21668444,34
21669124,24
21669796,12
21670468,22
21671144,43
21671820,46
21672500,29
21673180,12
21673852,10
21674532,20
21675212,41
21675884,40
21676564,25
21677244,13
21677916,11
21678596,14
21679276,15
21679948,32
21680628,36
21681308,19
21681980,21
21682660,48
21683340,54
21684012,44
21684688,44
21685372,35
21686044,14
21686724,14
21687404,11
21688076,12
21688756,12
21689436,16
21690108,21
21690788,14
21691468,10
21692140,16
21692820,22
21693500,20
21694172,10
21694852,10
21695532,21
21696204,25
21696880,15
21697560,19
21698236,14
21698916,14
21699596,9
21700216,13
21700900,14
21701572,18
21702244,14
21702924,10
21703596,16
21704268,14
21704948,13
21705620,16
21706296,33
21706980,45
21707652,36
21708332,19
21709012,10
21709684,10
21710360,13
21711044,20
21711716,42
21712396,36
21713076,21
21713748,12
21714428,22
21715104,23
21715780,35
21716460,20
21717140,13
21717812,10
21718492,10
21719172,20
21719844,16
21720524,11
21721204,21
21721876,41
21722556,30
21723236,12
21723908,13
21724588,12
21725268,15
21725940,27
21726620,38
21727300,41
21727972,30
21728652,14
21729328,17
21730004,43
21730680,42
21731364,13
21732036,30
21732716,36
21733396,19
21734068,18
21734748,52
21735420,61
21736100,36
21736780,10
21737452,20
21738124,18
21738804,14
21739476,11
21740148,11
21740828,16
21741500,14
21742172,13
21742852,10
21743524,12
21744196,26
21744876,22
21745548,10
21746228,10
21746908,14
21747580,22
21748260,16
21748940,12
21749612,12
21750292,14
21750972,12
21751644,10
21752324,12
21753004,9
21753624,11
21754308,11
21754988,11
21755660,12
21756340,11
21757020,12
21757692,11
21758372,10
21759052,11
21759728,10
21760404,15
21761080,19
21761748,20
21762424,14
21763104,11
21763780,24
21764456,32
21765136,13
21765812,26
21766488,28
21767164,28
21767836,22
21768516,17
21769188,38
21769860,23
21770536,13
21771212,12
21771884,14
21772560,14
21773236,12
21773908,26
21774588,39
21775260,22
21775932,10
21776612,28
21777284,36
21777960,12
21778640,25
21779316,22
21779996,23
21780676,64
21781348,66
21782028,60
21782708,35
21783380,21
21784060,92
21784740,116
21785464,78
21786140,48
21786816,19
21787492,26
21788172,30
21788852,24
21789524,13
21790204,14
21790884,22
21791556,22
21792236,22
21792912,27
21793588,22
21794268,12
21794944,9
21795568,12
21796248,11
21796928,13
21797604,14
21798280,16
21798964,21
21799636,22
21800316,10
21800996,13
21801668,10
21802344,11
21803028,9
21803648,11
21804328,12
21805004,13
21805676,12
21806356,11
21807028,12
21807700,14
21808380,10
21809052,12
21809724,12
21810404,10
21811076,10
21811756,10
21812432,11
21813108,11
21813788,11
21814464,12
21815140,16
21815820,24
21816500,33
21817172,36
21817852,51
21818528,45
21819204,14
21819880,34
21820564,59
21821236,72
21821916,66
21822596,44
21823268,12
21823948,14
21824628,25
21825300,18
21825976,21
21826660,33
21827332,24
21828012,14
21828688,13
21829364,10
21830044,12
21830724,17
21831396,38
21832076,61
21832756,67
21833428,56
21834108,22
21834788,43
21835460,95
21836140,88
21836820,68
21837492,40
21838172,14
21838844,14
21839524,20
21840204,23
21840876,17
21841548,10
21842228,10
21842900,10
21843572,10
21844252,10
21844924,12
21845596,18
21846276,14
21846948,12
21847620,16
21848300,25
21848972,26
21849652,10
21850328,16
21851004,21
21851684,20
21852364,24
21853036,37
21853716,26
21854396,21
21855068,14
21855748,12
21856428,15
21857100,12
21857780,14
21858460,12
21859132,26
21859812,49
21860492,56
21861164,27
21861844,10
21862524,12
21863196,16
21863876,15
21864556,11
21865228,16
21865908,18
21866588,21
21867260,16
21867940,10
21868620,17
21869292,30
21869972,24
21870652,16
21871324,10
21872004,12
21872684,21
21873356,32
21874036,21
21874716,18
21875388,26
21876068,30
21876748,29
21877420,15
21878100,14
21878772,11
21879444,10
21880124,12
21880796,16
21881468,12
21882148,14
21882820,13
21883492,10
21884172,16
21884844,11
21885516,12
21886196,10
21886868,15
21887548,12
21888228,11
21888900,12
21889580,16
21890260,12
21890932,24
21891612,16
21892292,9
21892912,12
21893596,23
21894276,17
21894948,12
21895628,24
21896308,31
21896980,26
21897660,17
21898340,15
21899012,39
21899692,50
21900372,27
21901044,14
21901724,10
21902404,16
21903076,20
21903756,18
21904436,12
21905108,30
21905788,29
21906468,15
21907140,11
21907820,10
21908500,10
21909172,12
21909852,16
21910524,13
21911204,10
21911884,10
21912560,10
21913228,11
21913908,13
21914580,20
21915252,26
21915932,27
21916604,22
21917276,16
21917956,13
21918628,38
21919300,27
21919980,14
21920656,42
21921328,42
21922008,18
21922684,18
21923364,20
21924044,59
21924716,66
21925396,61
21926076,27
21926748,12
21927428,13
21928108,12
21928780,16
21929460,12
21930140,13
21930812,16
21931492,14
21932172,12
21932844,10
21933524,14
21934204,20
21934876,20
21935556,18
21936236,11
21936908,10
21937588,10
21938268,13
21938940,17
21939620,16
21940300,25
21940972,30
21941652,30
21942332,21
21943004,12
21943684,10
21944364,25
21945036,34
21945716,48
21946396,45
21947068,28
21947748,15
21948428,12
21949100,19
21949780,19
21950452,15
21951124,11
21951804,11
21952480,11
21953148,16
21953828,16
21954500,11
21955172,11
21955852,13
21956524,13
21957196,14
21957876,10
21958548,12
21959224,12
21959908,10
21960580,10
21961260,10
21961940,17
21962612,22
21963292,16
21963972,13
21964644,11
21965324,11
21966004,11
21966676,10
21967356,10
21968036,11
21968708,10
21969388,16
21970068,13
21970740,10
21971420,14
21972100,27
21972772,34
21973452,30
21974132,13
21974804,23
21975484,20
21976164,15
21976836,11
21977516,10
21978196,19
21978868,22
21979548,22
21980228,24
21980900,14
21981580,23
21982260,36
21982932,19
21983612,12
21984292,10
21984964,10
21985644,10
21986324,11
21986996,11
21987676,14
21988348,21
21989028,18
21989708,28
21990380,32
21991056,29
21991732,11
21992404,14
21993076,22
21993756,30
21994428,25
21995100,18
21995780,15
21996452,16
21997124,20
21997804,34
21998476,26
21999156,12
21999836,16
22000512,37
22001188,46
22001868,33
22002540,20
22003220,18
22003900,17
22004572,16
22005252,12
22005932,17
22006604,14
22007284,12
22007964,10
22008636,10
22009316,10
22009996,10
22010668,11
22011348,29
22012028,56
22012700,56
22013380,32
22014060,12
22014732,41
22015412,82
22016092,54
22016764,11
22017440,20
22018120,12
22018796,15
22019476,16
22020156,17
22020828,20
22021504,32
22022188,33
22022860,26
22023540,19
22024220,13
22024892,14
22025572,10
22026252,17
22026924,23
22027604,15
22028276,12
22028948,10
22029628,12
22030300,11
22030972,12
22031652,14
22032324,12
22032996,14
22033676,18
22034348,11
22035020,11
22035700,11
22036372,11
22037052,14
22037732,16
22038404,19
22039080,12
22039764,19
22040436,22
22041116,18
22041796,13
22042468,10
22043148,10
22043828,17
22044500,27
22045180,20
22045860,11
22046532,18
22047212,24
22047892,36
22048564,42
22049244,42
22049924,37
22050596,11
22051276,42
22051956,55
22052628,46
22053308,32
22053988,11
22054660,39
22055340,88
22056020,64
22056692,23
22057372,26
22058052,11
22058724,27
22059404,20
22060084,15
22060756,14
22061436,10
22062116,30
22062788,37
22063468,30
22064148,27
22064820,12
22065500,38
22066172,51
22066852,30
22067532,18
22068204,24
22068876,18
22069556,12
22070228,17
22070900,14
22071580,12
22072252,15
22072924,12
22073604,12
22074276,28
22074948,27
22075628,20
22076300,16
22076980,36
22077660,36
22078332,18
22079012,10
22079692,13
22080364,12
22081040,15
22081720,17
22082396,12
22083076,10
22083756,19
22084428,20
22085108,16
22085788,11
22086460,10
22087140,21
22087820,24
22088492,18
22089168,18
22089852,20
22090524,22
22091204,20
22091884,13
22092556,16
22093236,12
22093916,10
22094588,9
22095216,11
22095900,12
22096572,14
22097252,18
22097932,21
22098604,13
22099284,19
22099956,15
22100628,10
22101308,10
22101980,10
22102652,11
22103332,10
22104004,11
22104676,19
22105356,22
22106032,18
22106700,15
22107380,12
22108052,11
22108732,16
22109412,15
22110084,14
22110764,12
22111444,21
22112116,32
22112796,28
22113476,13
22114148,12
22114828,46
22115508,32
22116184,14
22116860,18
22117540,54
22118216,84
22118892,74
22119568,31
22120244,10
22120920,16
22121604,12
22122276,12
22122952,12
22123636,12
22124308,10
22124988,26
22125664,21
22126340,12
22127020,18
22127700,15
22128372,22
22129052,11
22129732,16
22130404,12
22131084,14
22131764,12
22132436,16
22133116,34
22133796,39
22134468,35
22135148,22
22135828,11
22136500,11
22137180,13
22137852,20
22138532,12
22139212,18
22139884,18
22140556,16
22141236,10
22141908,15
22142580,17
22143260,14
22143932,16
22144608,19
22145284,20
22145956,18
22146628,20
22147304,27
22147980,18
22148660,25
22149340,32
22150012,18
22150692,20
22151372,51
22152044,59
22152724,48
22153404,25
22154076,13
22154756,14
22155436,16
22156108,44
22156788,62
22157468,55
22158140,30
22158820,12
22159500,65
22160172,64
22160848,42
22161528,39
22162204,34
22162884,11
22163564,21
22164236,24
22164916,30
22165596,13
22166268,10
22166948,10
22167628,11
22168300,12
22168980,13
22169660,11
22170332,10
22171012,14
22171692,18
22172364,22
22173044,36
22173724,32
22174396,18
22175076,10
22175756,36
22176432,63
22177108,42
22177780,16
22178452,10
22179132,14
22179804,15
22180476,13
22181156,20
22181828,28
22182500,32
22183180,39
22183852,30
22184524,18
22185204,18
22185876,10
22186556,16
22187236,16
22187908,19
22188588,18
22189268,22
22189940,26
22190620,18
22191300,19
22191976,26
22192652,21
22193332,15
22194004,10
22194684,12
22195364,14
22196036,12
22196716,24
22197396,26
22198068,14
22198748,16
22199428,28
22200100,34
22200780,14
22201460,9
22202080,16
22202764,16
22203444,20
22204116,16
22204796,20
22205476,13
22206148,12
22206828,12
22207508,27
22208184,35
22208860,21
22209532,12
22210212,15
22210892,26
22211564,45
22212236,42
22212916,49
22213588,21
22214260,14
22214940,26
22215612,62
22216284,78
22216964,99
22217636,78
22218308,14
22218988,72
22219660,75
22220340,46
22221020,52
22221692,54
22222372,22
22223052,12
22223724,16
22224404,30
22225084,21
22225756,11
22226436,11
22227116,13
22227792,11
22228468,10
22229148,10
22229820,20
22230500,34
22231180,19
22231852,12
22232532,16
22233212,37
22233888,48
22234564,23
22235244,14
22235916,23
22236596,10
22237276,41
22237952,56
22238628,35
22239308,18
22239984,18
22240660,12
22241340,16
22242012,20
22242692,22
22243372,28
22244044,29
22244724,11
22245404,17
22246076,25
22246756,22
22247436,27
22248108,18
22248788,12
22249460,12
22250132,47
22250812,54
22251484,31
22252160,14
22252836,13
22253508,10
22254180,24
22254860,52
22255532,74
22256208,80
22256884,66
22257556,14
22258236,101
22258968,107
22259688,62
22260364,24
22261044,10
22261716,16
22262392,20
22263068,24
22263740,18
22264412,24
22265092,30
22265768,14
22266436,10
22267116,12
22267792,14
22268468,14
22269148,20
22269824,17
22270500,14
22271180,16
22271856,22
22272536,27
22273212,18
22273884,11
22274564,16
22275244,35
22275916,40
22276596,18
22277276,11
22277948,14
22278628,17
22279308,26
22279980,33
22280660,26
22281340,14
22282012,16
22282692,29
22283372,47
22284044,33
22284724,12
22285404,15
22286076,11
22286756,28
22287436,17
22288108,18
22288784,11
22289468,12
22290140,19
22290820,51
22291500,71
22292172,59
22292852,46
22293532,13
22294204,60
22294884,81
22295564,75
22296236,62
22296916,42
22297588,29
22298264,30
22298940,16
22299612,11
22300284,12
22300964,14
22301636,14
22302308,16
22302988,14
22303660,11
22304332,10
22305012,14
22305684,16
22306360,12
22307044,16
22307716,12
22308396,10
22309076,14
22309748,15
22310428,16
22311108,26
22311780,35
22312460,18
22313140,14
22313812,12
22314492,16
22315172,17
22315848,14
22316524,13
22317204,12
22317876,15
22318556,14
22319236,37
22319912,53
22320588,32
22321268,11
22321940,19
22322620,29
22323300,21
22323972,11
22324652,10
22325332,11
22326004,10
22326684,12
22327364,14
22328036,10
22328716,14
22329396,23
22330068,12
22330748,19
22331428,31
22332100,27
22332780,30
22333460,21
22334132,12
22334812,10
22335484,17
22336164,23
22336840,13
22337516,12
22338188,26
22338868,45
22339540,22
22340212,22
22340892,14
22341564,11
22342236,14
22342916,14
22343588,11
22344260,12
22344940,26
22345612,43
22346292,28
22346972,22
22347644,11
22348324,19
22349004,28
22349676,30
22350356,16
22351036,10
22351712,16
22352388,30
22353068,24
22353740,19
22354420,12
22355100,45
22355776,90
22356452,73
22357132,65
22357804,36
22358484,20
22359164,22
22359836,12
22360516,14
22361196,19
22361872,22
22362548,19
22363228,38
22363900,40
22364580,31
22365260,15
22365932,56
22366612,51
22367292,13
22367964,10
22368644,11
22369324,12
22369996,11
22370676,16
22371356,14
22372028,12
22372708,20
22373388,12
22374064,38
22374740,46
22375412,22
22376084,22
22376764,44
22377436,42
22378108,35
22378788,42
22379460,20
22380136,14
22380812,12
22381484,16
22382156,26
22382836,32
22383508,33
22384188,16
22384868,12
22385540,10
22386220,12
22386900,15
22387572,19
22388252,28
22388932,16
22389604,13
22390284,18
22390964,26
22391636,34
22392316,34
22392996,24
22393668,11
22394348,14
22395028,19
22395704,11
22396380,14
22397060,12
22397736,35
22398412,85
22399092,49
22399768,15
22400448,30
22401120,34
22401796,24
22402472,18
22403156,12
22403828,32
22404508,34
22405188,28
22405860,16
22406536,19
22407216,19
22407892,27
22408568,16
22409248,11
22409924,10
22410604,19
22411284,23
22411956,16
22412636,32
22413308,61
22413988,42
22414668,16
22415340,10
22416012,12
22416688,19
22417364,28
22418036,17
22418716,24
22419388,28
22420060,12
22420740,14
22421412,21
22422084,26
22422764,42
22423436,18
22424116,11
22424796,14
22425468,31
22426148,40
22426824,37
22427500,16
22428180,50
22428856,74
22429532,15
22430212,16
22430892,27
22431564,13
22432244,10
22432920,25
22433596,18
22434276,29
22434956,48
22435628,52
22436308,44
22436988,12
22437660,30
22438340,31
22439020,19
22439692,17
22440372,12
22441052,23
22441724,12
22442404,13
22443084,21
22443756,14
22444436,27
22445116,27
22445788,18
22446468,18
22447144,23
22447820,57
22448500,47
22449180,33
22449852,34
22450532,15
22451212,35
22451884,34
22452564,26
22453236,14
22453908,22
22454588,56
22455260,48
22455932,24
22456612,13
22457284,12
22457956,31
22458636,49
22459308,42
22459980,12
22460660,10
22461332,19
22462012,37
22462692,26
22463364,12
22464044,25
22464720,17
22465396,12
22466076,19
22466756,17
22467428,10
22468108,16
22468788,13
22469460,18
22470140,14
22470820,13
22471492,18
22472172,27
22472852,37
22473524,34
22474204,24
22474884,15
22475556,13
22476236,18
22476916,13
22477588,14
22478268,30
22478948,16
22479620,11
22480300,28
22480980,32
22481652,16
22482332,18
22483012,40
22483684,49
22484364,22
22485044,12
22485716,26
22486396,50
22487076,47
22487748,31
22488428,16
22489104,17
22489780,43
22490456,50
22491132,20
22491812,21
22492492,36
22493164,30
22493836,22
22494516,24
22495188,14
22495860,30
22496540,37
22497212,12
22497884,18
22498564,16
22499236,18
22499908,12
22500588,34
22501260,14
22501940,18
22502620,17
22503292,11
22503972,12
22504652,11
22505324,16
22506004,24
22506684,28
22507356,19
22508036,12
22508716,18
22509388,23
22510068,10
22510748,20
22511420,14
22512100,41
22512780,29
22513452,30
22514132,16
22514812,12
22515484,24
22516164,11
22516844,25
22517516,39
22518196,40
22518876,16
22519552,13
22520228,10
22520908,15
22521580,15
22522260,16
22522940,19
22523612,20
22524292,12
22524972,15
22525644,11
22526324,10
22527004,16
22527680,31
22528356,29
22529032,12
22529700,10
22530376,13
22531048,19
22531716,28
22532392,38
22533068,52
22533740,12
22534420,44
22535092,52
22535764,44
22536440,53
22537116,54
22537788,46
22538464,25
22539140,16
22539820,29
22540500,39
22541172,50
22541852,70
22542532,58
22543204,12
22543884,46
22544564,15
22545236,22
22545916,25
22546596,16
22547268,14
22547944,36
22548628,69
22549300,46
22549980,14
22550660,10
22551332,10
22552012,10
22552692,13
22553364,15
22554044,18
22554720,36
22555396,36
22556076,25
22556756,13
22557428,30
22558108,38
22558788,35
22559460,21
22560140,11
22560816,25
22561492,10
22562168,10
22562848,11
22563524,12
22564204,12
22564880,13
22565556,20
22566236,16
22566908,12
22567588,10
22568268,11
22568940,12
22569612,32
22570288,16
22570964,36
22571636,44
22572316,46
22572988,39
22573660,36
22574340,26
22575012,16
22575684,16
22576364,10
22577036,10
22577716,13
22578396,10
22579068,10
22579748,15
22580428,13
22581100,14
22581780,17
22582456,11
22583132,10
22583812,12
22584492,14
22585164,12
22585844,11
22586524,11
22587196,12
22587876,12
22588556,22
22589228,28
22589908,27
22590588,21
22591260,20
22591940,11
22592620,13
22593292,12
22593968,10
22594652,28
22595324,56
22596004,46
22596680,15
22597356,20
22598036,14
22598716,12
22599388,16
22600068,34
22600748,33
22601420,16
22602100,10
22602780,13
22603452,13
22604132,11
22604812,28
22605484,39
22606164,42
22606836,40
22607508,30
22608188,27
22608860,16
22609532,10
22610212,15
22610884,20
22611556,34
22612236,58
22612908,84
22613580,94
22614260,28
22614932,48
22615608,82
22616292,108
22617016,66
22617684,44
22618360,16
22619036,12
22619708,16
22620388,26
22621060,24
22621740,19
22622420,13
22623092,11
22623772,12
22624452,12
22625124,17
22625804,12
22626484,15
22627156,20
22627836,15
22628516,10
22629188,12
22629868,16
22630548,36
22631220,44
22631896,35
22632580,12
22633252,10
22633932,12
22634612,11
22635284,12
22635964,10
22636644,24
22637316,25
22637996,13
22638676,17
22639348,16
22640028,38
22640704,35
22641380,16
22642060,78
22642740,76
22643412,54
22644092,20
22644772,11
22645444,13
22646124,31
22646804,33
22647476,28
22648156,12
22648828,12
22649508,30
22650188,10
22650860,24
22651532,27
22652212,11
22652884,24
22653556,60
22654236,75
22654908,30
22655580,14
22656260,25
22656932,40
22657604,25
22658280,15
22658956,30
22659636,35
22660316,14
22660988,10
22661668,16
22662348,27
22663020,38
22663700,31
22664380,12
22665052,22
22665732,34
22666412,23
22667084,12
22667764,10
22668444,16
22669116,13
22669796,14
22670476,20
22671148,10
22671828,12
22672508,12
22673180,10
22673860,12
22674540,12
22675212,10
22675892,12
22676572,15
22677244,10
22677924,10
22678604,10
22679276,18
22679956,19
22680636,12
22681308,11
22681988,10
22682668,23
22683340,20
22684020,10
22684700,12
22685372,11
22686052,12
22686732,11
22687404,16
22688084,22
22688756,20
22689428,20
22690108,12
22690780,18
22691452,16
22692132,22
22692804,32
22693476,30
22694156,27
22694828,34
22695500,11
22696180,38
22696852,52
22697528,66
22698212,66
22698884,50
22699564,30
22700244,13
22700916,18
22701596,32
22702276,36
22702948,14
22703628,36
22704308,59
22704980,37
22705660,12
22706340,17
22707012,18
22707692,16
22708372,13
22709044,10
22709724,32
22710404,26
22711076,20
22711756,11
22712436,19
22713108,19
22713788,12
22714468,12
22715140,12
22715820,12
22716500,12
22717172,11
22717852,18
22718532,17
22719204,23
22719884,44
22720564,45
22721236,16
22721916,40
22722596,28
22723268,26
22723948,36
22724628,59
22725300,26
22725980,16
22726652,41
22727332,70
22728012,70
22728684,30
22729356,14
22730036,36
22730708,59
22731384,75
22732060,51
22732736,16
22733408,19
22734084,21
22734756,11
22735428,18
22736108,27
22736780,32
22737460,30
22738140,16
22738812,12
22739492,18
22740172,13
22740844,12
22741520,13
22742204,12
22742876,26
22743556,36
22744236,35
22744908,37
22745588,26
22746268,13
22746940,20
22747620,44
22748300,47
22748972,34
22749652,14
22750332,16
22751004,15
22751684,16
22752364,17
22753036,12
22753716,18
22754396,14
22755068,27
22755748,44
22756428,56
22757100,35
22757780,13
22758460,17
22759132,18
22759812,16
22760492,23
22761164,25
22761844,13
22762524,10
22763196,11
22763876,14
22764556,21
22765228,16
22765908,10
22766580,11
22767252,10
22767932,10
22768608,10
22769276,11
22769956,16
22770628,21
22771300,15
22771980,12
22772652,20
22773324,26
22774004,14
22774676,14
22775352,10
22776036,15
22776708,24
22777388,30
22778068,40
22778740,35
22779420,10
22780100,11
22780772,26
22781452,47
22782132,13
22782804,45
22783484,38
22784164,14
22784836,24
22785512,42
22786196,99
22786868,88
22787548,41
22788228,32
22788900,24
22789580,17
22790260,12
22790932,26
22791612,23
22792292,23
22792964,22
22793644,20
22794324,13
22794996,16
22795676,32
22796356,19
22797028,16
22797708,30
22798388,20
22799060,14
22799740,52
22800420,60
22801092,32
22801772,16
22802452,42
22803124,76
22803804,60
22804476,21
22805156,11
22805836,12
22806508,11
22807180,10
22807860,16
22808532,14
22809204,10
22809884,11
22810556,10
22811228,12
22811908,10
22812580,13
22813252,18
22813932,16
22814604,14
22815284,10
22815964,10
22816636,13
22817316,10
22817996,16
22818668,22
22819348,20
22820028,15
22820700,10
22821380,13
22822060,16
22822732,22
22823412,21
22824092,13
22824764,16
22825444,20
22826124,29
22826796,25
22827476,13
22828156,16
22828828,20
22829508,20
22830188,13
22830860,11
22831540,12
22832220,23
22832892,14
22833572,18
22834252,26
22834924,12
22835604,31
22836284,35
22836956,14
22837636,29
22838316,30
22838988,17
22839668,55
22840348,56
22841020,13
22841700,38
22842380,16
22843052,18
22843732,15
22844404,14
22845076,14
22845756,12
22846428,13
22847100,11
22847780,12
22848456,22
22849124,32
22849804,22
22850476,24
22851148,26
22851828,14
22852500,13
22853180,12
22853860,12
22854532,11
22855212,12
22855892,13
22856564,16
22857244,10
22857924,12
22858596,13
22859276,12
22859956,10
22860632,14
22861308,21
22861988,16
22862660,11
22863340,15
22864020,17
22864692,12
22865372,11
22866052,13
22866724,16
22867404,14
22868084,12
22868756,10
22869436,10
22870116,12
22870792,13
22871468,14
22872148,12
22872820,12
22873500,40
22874180,62
22874852,53
22875532,40
22876212,30
22876884,16
22877564,63
22878244,61
22878916,54
22879596,32
22880276,13
22880948,14
22881628,34
22882300,40
22882980,26
22883660,44
22884332,58
22885004,70
22885684,70
22886356,72
22887032,66
22887708,38
22888380,15
22889052,25
22889732,47
22890404,46
22891076,18
22891756,12
22892428,11
22893108,15
22893788,16
22894460,24
22895140,22
22895820,26
22896496,11
22897172,34
22897852,45
22898524,30
22899204,18
22899884,12
22900556,12
22901236,10
22901916,13
22902588,19
22903268,14
22903948,12
22904624,12
22905300,13
22905980,14
22906652,12
22907332,15
22908012,14
22908684,11
22909364,10
22910044,10
22910720,11
22911396,10
22912076,12
22912748,15
22913428,14
22914108,11
22914780,11
22915460,12
22916140,11
22916812,10
22917492,11
22918172,9
22918796,10
22919480,12
22920152,16
22920820,20
22921500,16
22922176,11
22922848,14
22923524,13
22924196,11
22924868,12
22925548,23
22926224,20
22926900,16
22927580,10
22928252,19
22928932,34
22929612,18
22930284,26
22930964,65
22931644,103
22932372,108
22933100,101
22933832,48
22934504,57
22935176,148
22935904,163
22936640,131
22937372,112
22938104,53
22938784,15
22939460,23
22940140,20
22940820,13
22941492,22
22942168,12
22942852,16
22943524,12
22944204,10
22944880,9
22945504,12
22946188,23
22946868,21
22947540,14
22948220,11
22948900,11
22949572,10
22950252,12
22950932,20
22951604,24
22952284,14
22952956,12
22953636,10
22954316,11
22954988,16
22955660,23
22956340,20
22957012,14
22957684,10
22958364,12
22959036,18
22959708,24
22960388,24
22961060,16
22961732,10
22962412,12
22963084,30
22963764,14
22964444,18
22965116,28
22965796,26
22966476,13
22967148,18
22967828,49
22968508,39
22969180,28
22969860,18
22970540,12
22971212,19
22971892,36
22972572,52
22973244,40
22973924,33
22974604,21
22975276,17
22975956,24
22976636,35
22977308,55
22977988,73
22978668,48
22979340,26
22980020,20
22980696,28
22981372,18
22982052,13
22982732,21
22983404,24
22984084,14
22984760,17
22985436,16
22986116,10
22986796,21
22987468,29
22988148,24
22988828,25
22989500,19
22990180,24
22990860,45
22991532,32
22992212,10
22992884,20
22993556,20
22994236,12
22994908,26
22995580,20
22996260,11
22996932,11
22997604,15
22998284,16
22998956,11
22999628,16
23000308,14
23000980,10
23001660,11
23002340,10
23003012,10
23003692,12
23004372,12
23005044,16
23005724,12
23006404,17
23007076,16
23007756,10
23008436,12
23009108,10
23009788,14
23010468,11
23011140,10
23011820,12
23012500,33
23013172,30
23013852,20
23014532,15
23015204,13
23015884,12
23016564,11
23017236,10
23017916,10
23018596,13
23019268,11
23019948,11
23020628,13
23021300,12
23021980,11
23022660,29
23023332,50
23024012,55
23024692,41
23025364,24
23026044,20
23026724,57
23027396,55
23028076,24
23028756,11
23029428,14
23030108,22
23030780,16
23031460,17
23032140,12
23032816,23
23033484,19
23034164,23
23034836,68
23035512,69
23036188,46
23036860,18
23037532,36
23038212,52
23038888,38
23039560,36
23040240,23
23040908,18
23041584,47
23042260,29
23042932,10
23043608,20
23044288,39
23044964,43
23045640,23
23046320,13
23046996,16
23047672,12
23048356,13
23049028,14
23049704,22
23050384,23
23051060,14
23051740,11
23052420,28
23053092,40
23053768,39
23054448,33
23055124,12
23055804,19
23056484,36
23057156,23
23057836,12
23058516,13
23059188,24
23059868,11
23060548,21
23061220,13
23061896,10
23062580,13
23063252,12
23063928,12
23064612,13
23065284,12
23065964,10
23066640,16
23067316,16
23067996,12
23068668,11
23069348,11
23070028,20
23070700,26
23071372,21
23072052,11
23072724,12
23073396,14
23074076,16
23074748,14
23075420,13
23076100,12
23076772,14
23077444,10
23078124,10
23078796,10
23079476,12
23080156,16
23080828,26
23081508,26
23082188,21
23082860,18
23083540,12
23084220,13
23084892,10
23085568,10
23086252,12
23086924,18
23087604,14
23088284,17
23088956,38
23089636,44
23090316,36
23090988,25
23091668,12
23092348,9
23092968,12
23093648,20
23094332,18
23095004,50
23095684,54
23096364,50
23097036,31
23097716,12
23098396,12
23099068,14
23099748,36
23100428,47
23101100,34
23101780,22
23102452,10
23103124,10
23103804,10
23104476,11
23105148,11
23105828,13
23106500,11
23107172,16
23107852,22
23108524,22
23109196,14
23109876,13
23110548,14
23111224,24
23111908,28
23112580,14
23113260,13
23113940,12
23114612,17
23115292,16
23115972,17
23116644,11
23117324,24
23118004,25
23118676,12
23119356,16
23120036,24
23120708,20
23121388,36
23122068,31
23122740,15
23123420,39
23124100,53
23124772,40
23125452,51
23126132,16
23126804,14
23127484,10
23128164,28
23128836,34
23129516,22
23130196,12
23130868,22
23131548,20
23132228,17
23132900,11
23133580,14
23134260,23
23134932,22
23135612,20
23136292,38
23136964,42
23137644,47
23138324,25
23138996,27
23139676,75
23140352,69
23141028,48
23141708,32
23142380,24
23143056,11
23143732,12
23144404,10
23145076,16
23145756,14
23146428,10
23147100,11
23147780,12
23148452,14
23149124,10
23149804,11
23150476,10
23151156,12
23151836,10
23152508,14
23153188,12
23153868,15
23154540,12
23155220,12
23155900,12
23156572,18
23157252,20
23157932,31
23158604,40
23159284,24
23159964,11
23160636,34
23161316,42
23161996,48
23162668,30
23163348,12
23164028,13
23164700,11
23165380,11
23166060,11
23166732,11
23167412,10
23168092,11
23168764,12
23169440,12
23170124,12
23170796,10
23171476,10
23172156,12
23172828,14
23173508,14
23174188,11
23174860,16
23175540,14
23176220,15
23176892,16
23177572,10
23178252,21
23178924,18
23179604,12
23180276,26
23180948,27
23181628,16
23182300,18
23182972,24
23183652,15
23184324,14
23184996,10
23185676,14
23186348,28
23187020,16
23187700,14
23188372,16
23189052,19
23189732,12
23190404,13
23191084,14
23191764,15
23192436,10
23193116,14
23193796,18
23194468,14
23195148,18
23195828,38
23196500,45
23197180,39
23197860,13
23198532,42
23199212,78
23199892,57
23200568,23
23201244,10
23201924,18
23202596,17
23203276,14
23203956,11
23204628,14
23205308,12
23205988,15
23206660,26
23207336,18
23208020,12
23208692,16
23209372,18
23210052,11
23210724,22
23211404,20
23212084,15
23212756,14
23213436,11
23214116,14
23214788,18
23215468,19
23216148,10
23216820,11
23217500,24
23218172,27
23218852,15
23219532,18
23220204,18
23220876,11
23221556,11
23222228,16
23222900,16
23223580,12
23224252,28
23224924,24
23225604,12
23226276,10
23226948,10
23227628,10
23228300,10
23228980,11
23229660,12
23230332,11
23231012,10
23231692,12
23232364,10
23233044,10
23233724,10
23234396,10
23235076,12
23235756,23
23236428,25
23237108,27
23237788,27
23238460,18
23239140,16
23239820,33
23240492,15
23241172,10
23241852,11
23242524,15
23243204,22
23243884,31
23244556,28
23245236,25
23245916,20
23246588,34
23247268,19
23247948,21
23248620,28
23249300,16
23249980,13
23250652,20
23251332,12
23252012,12
23252684,16
23253364,20
23254044,21
23254716,19
23255396,12
23256076,27
23256748,26
23257428,16
23258100,50
23258772,58
23259452,46
23260124,16
23260796,23
23261476,59
23262148,62
23262820,48
23263500,47
23264176,27
23264844,12
23265524,13
23266196,18
23266872,19
23267548,11
23268220,24
23268900,48
23269580,31
23270252,22
23270932,12
23271612,12
23272284,14
23272964,13
23273640,12
23274316,10
23274996,12
23275676,17
23276348,22
23277028,16
23277708,11
23278380,13
23279060,14
23279740,12
23280412,13
23281092,16
23281772,15
23282444,14
23283124,10
23283804,11
23284476,10
23285156,14
23285836,10
23286508,10
23287188,11
23287868,12
23288540,11
23289220,12
23289900,12
23290572,11
23291252,20
23291932,17
23292604,13
23293284,14
23293964,10
23294636,12
23295316,16
23295992,11
23296664,14
23297340,18
23298012,14
23298684,16
23299364,48
23300036,64
23300708,34
23301388,14
23302060,14
23302732,20
23303412,29
23304084,24
23304760,12
23305444,15
23306116,13
23306796,20
23307476,19
23308148,10
23308828,15
23309504,20
23310180,10
23310860,11
23311540,21
23312212,30
23312892,26
23313572,12
23314244,14
23314924,27
23315604,28
23316276,24
23316956,20
23317636,12
23318308,19
23318988,34
23319668,42
23320344,26
23321020,13
23321700,12
23322372,12
23323052,11
23323732,11
23324404,10
23325084,10
23325764,12
23326436,12
23327116,11
23327796,9
23328420,12
23329100,11
23329772,11
23330444,10
23331124,13
23331796,18
23332472,43
23333148,62
23333820,70
23334496,64
23335172,34
23335848,16
23336516,66
23337196,84
23337868,64
23338548,34
23339228,34
23339900,53
23340580,42
23341260,28
23341932,13
23342612,10
23343292,11
23343968,10
23344644,12
23345324,19
23345996,15
23346676,16
23347356,18
23348028,12
23348704,11
23349388,12
23350060,10
23350740,16
23351420,24
23352092,19
23352772,11
23353452,11
23354124,11
23354804,11
23355484,12
23356156,12
23356836,11
23357516,13
23358188,12
23358868,10
23359548,11
23360220,10
23360896,11
23361576,12
23362252,12
23362932,11
23363612,13
23364284,10
23364964,14
23365644,17
23366316,10
23366996,10
23367668,10
23368340,14
23369016,12
23369692,10
23370364,10
23371044,15
23371716,30
23372388,36
23373068,20
23373740,18
23374412,22
23375092,21
23375764,14
23376444,17
23377124,15
23377796,10
23378476,12
23379156,12
23379828,14
23380508,26
23381188,39
23381860,38
23382540,11
23383220,11
23383892,11
23384572,26
23385252,33
23385924,23
23386604,14
23387284,13
23387956,13
23388636,12
23389316,12
23389988,19
23390668,24
23391348,11
23392020,16
23392696,18
23393380,15
23394052,10
23394732,10
23395412,25
23396084,45
23396764,39
23397444,14
23398116,13
23398796,12
23399476,11
23400148,13
23400828,14
23401508,12
23402180,10
23402860,12
23403540,11
23404212,12
23404892,12
23405564,17
23406244,14
23406924,12
23407596,13
23408272,14
23408948,13
23409620,11
23410292,11
23410972,10
23411644,10
23412316,12
23412996,11
23413668,12
23414340,14
23415020,14
23415692,13
23416372,12
23417052,10
23417724,11
23418404,11
23419084,13
23419756,11
23420436,11
23421116,13
23421792,11
23422468,14
23423148,17
23423824,14
23424500,15
23425180,11
23425852,10
23426532,10
23427212,11
23427884,44
23428564,65
23429244,71
23429916,60
23430596,18
23431276,21
23431948,126
23432680,137
23433408,67
23434084,33
23434764,12
23435444,20
23436116,14
23436796,14
23437476,20
23438148,22
23438828,28
23439508,31
23440180,42
23440860,39
23441540,35
23442212,17
23442892,22
23443572,35
23444244,36
23444924,33
23445604,25
23446276,17
23446956,18
23447636,21
23448308,11
23448988,26
23449668,21
23450340,10
23451020,15
23451700,21
23452372,32
23453052,31
23453732,13
23454404,14
23455084,16
23455764,13
23456436,11
23457116,15
23457788,15
23458468,12
23459148,10
23459820,10
23460492,12
23461172,10
23461844,10
23462516,11
23463196,12
23463868,18
23464540,14
23465220,14
23465892,10
23466564,12
23467244,14
23467916,14
23468596,10
23469276,10
23469948,11
23470628,11
23471308,16
23471980,14
23472660,11
23473340,13
23474012,20
23474692,20
23475372,14
23476044,10
23476724,10
23477404,12
23478076,12
23478756,11
23479436,14
23480108,15
23480788,10
23481468,12
23482140,20
23482820,23
23483500,14
23484176,11
23484852,14
23485532,20
23486204,39
23486884,36
23487564,13
23488240,14
23488916,20
23489596,16
23490268,14
23490948,17
23491628,15
23492300,11
23492980,10
23493660,9
23494284,11
23494968,12
23495636,10
23496312,11
23496988,11
23497660,12
23498332,16
23499012,15
23499688,11
23500360,10
23501036,16
23501708,34
23502388,34
23503068,14
23503744,28
23504420,16
23505100,25
23505776,50
23506452,42
23507132,12
23507808,11
23508484,14
23509164,19
23509840,16
23510516,10
23511196,10
23511872,14
23512548,16
23513228,12
23513904,14
23514580,14
23515260,12
23515932,10
23516612,12
23517292,23
23517964,20
23518644,16
23519324,12
23520000,15
23520676,12
23521356,40
23522028,67
23522708,46
23523388,23
23524060,20
23524740,36
23525420,78
23526096,59
23526772,30
23527452,10
23528124,15
23528804,12
23529484,13
23530160,14
23530836,14
23531512,18
23532184,15
23532860,10
23533532,10
23534204,10
23534884,10
23535556,14
23536232,13
23536908,13
23537580,15
23538256,12
23538932,22
23539608,23
23540284,22
23540964,22
23541636,13
23542316,10
23542996,16
23543672,25
23544348,27
23545028,20
23545704,11
23546380,18
23547060,16
23547736,11
23548412,17
23549092,20
23549768,17
23550444,10
23551124,11
23551800,12
23552480,13
23553156,13
23553828,14
23554508,16
23555188,12
23555860,12
23556540,25
23557220,23
23557892,13
23558572,22
23559252,37
23559924,15
23560604,10
23561284,19
23561956,28
23562636,23
23563316,13
23563988,31
23564668,30
23565348,21
23566020,16
23566700,10
23567380,13
23568052,12
23568732,10
23569404,11
23570084,11
23570764,12
23571436,11
23572108,19
23572788,19
23573460,14
23574132,14
23574812,16
23575484,10
23576156,11
23576836,21
23577508,19
23578184,16
23578860,26
23579532,21
23580212,14
23580892,14
23581564,12
23582244,10
23582924,12
23583596,11
23584276,12
23584956,11
23585628,12
23586308,12
23586988,11
23587660,14
23588340,14
23589020,12
23589692,11
23590372,10
23591052,11
23591724,10
23592404,11
23593084,15
23593756,14
23594436,11
23595116,17
23595788,18
23596468,18
23597148,13
23597820,14
23598500,10
23599180,11
23599852,14
23600532,13
23601212,17
23601884,18
23602564,10
23603244,17
23603916,19
23604596,31
23605276,49
23605948,32
23606628,11
23607308,23
23607980,37
23608660,20
23609332,18
23610004,18
23610684,20
23611356,12
23612028,15
23612708,13
23613380,14
23614052,26
23614732,12
23615404,23
23616076,31
23616752,22
23617428,14
23618104,12
23618780,24
23619452,24
23620132,29
23620812,21
23621484,18
23622164,12
23622844,23
23623516,26
23624196,28
23624876,17
23625548,18
23626228,26
23626908,29
23627580,26
23628260,20
23628940,11
23629612,10
23630292,16
23630972,20
23631644,12
23632324,14
23633004,23
23633676,18
23634356,14
23635036,11
23635708,11
23636388,14
23637068,11
23637740,12
23638420,18
23639100,23
23639772,22
23640452,16
23641132,11
23641804,18
23642484,12
23643164,15
23643836,14
23644516,16
23645196,15
23645868,20
23646548,30
23647220,28
23647892,21
23648572,12
23649244,10
23649916,12
23650596,12
23651268,11
23651940,15
23652620,12
23653292,11
23653964,20
23654644,26
23655316,20
23655992,19
23656676,14
23657348,11
23658028,16
23658708,10
23659380,11
23660060,10
23660740,12
23661412,12
23662092,12
23662772,13
23663444,27
23664124,38
23664804,37
23665476,20
23666156,10
23666836,18
23667508,27
23668188,20
23668868,13
23669540,28
23670220,34
23670900,17
23671572,22
23672252,48
23672932,51
23673608,59
23674284,38
23674964,11
23675636,12
23676316,12
23676996,12
23677668,10
23678348,10
23679028,10
23679704,11
23680380,14
23681056,14
23681732,10
23682408,10
23683088,11
23683764,10
23684444,14
23685116,24
23685796,15
23686472,11
23687148,30
23687820,26
23688500,20
23689172,14
23689844,14
23690524,10
23691196,10
23691868,10
23692548,16
23693220,10
23693892,11
23694572,12
23695244,11
23695924,12
23696604,14
23697276,30
23697956,23
23698636,15
23699308,14
23699988,11
23700668,11
23701340,10
23702020,11
23702700,12
23703372,11
23704052,12
23704732,12
23705404,19
23706084,12
23706764,12
23707436,10
23708116,12
23708796,20
23709468,32
23710148,20
23710828,10
23711500,10
23712180,16
23712860,24
23713532,22
23714212,12
23714892,12
23715564,18
23716244,32
23716924,58
23717596,58
23718276,46
23718956,31
23719628,12
23720308,12
23720988,16
23721660,12
23722340,14
23723020,13
23723692,24
23724372,20
23725044,11
23725716,13
23726396,12
23727068,18
23727740,22
23728420,18
23729092,16
23729764,19
23730444,25
23731116,22
23731792,22
23732468,12
23733140,11
23733820,22
23734500,43
23735172,37
23735852,32
23736532,18
23737204,11
23737884,14
23738564,12
23739236,11
23739916,15
23740596,17
23741272,18
23741948,14
23742628,20
23743304,30
23743980,39
23744660,22
23745332,20
23746012,40
23746692,46
23747364,14
23748044,30
23748724,38
23749396,26
23750076,22
23750756,11
23751428,30
23752108,37
23752788,23
23753464,18
23754140,28
23754820,28
23755496,23
23756172,15
23756852,15
23757524,14
23758204,11
23758884,9
23759504,13
23760188,27
23760860,39
23761532,34
23762212,12
23762884,11
23763556,12
23764236,20
23764908,47
23765580,22
23766260,26
23766932,29
23767608,15
23768292,22
23768964,40
23769644,42
23770320,29
23770996,18
23771676,12
23772356,12
23773028,12
23773708,10
23774388,11
23775060,10
23775740,11
23776420,16
23777092,11
23777772,10
23778452,9
23779072,10
23779756,11
23780436,14
23781108,12
23781788,12
23782468,10
23783140,12
23783820,12
23784500,11
23785172,11
23785852,10
23786532,11
23787204,16
23787884,21
23788564,13
23789236,14
23789916,17
23790588,15
23791268,10
23791948,10
23792624,9
23793244,10
23793928,10
23794596,10
23795268,10
23795948,11
23796620,11
23797300,10
23797980,11
23798652,12
23799332,10
23800012,12
23800684,10
23801364,10
23802044,19
23802716,28
23803396,28
23804076,21
23804748,13
23805428,11
23806108,13
23806780,19
23807460,14
23808140,12
23808812,12
23809488,9
23810120,15
23810788,14
23811468,11
23812148,21
23812820,22
23813500,16
23814180,11
23814852,14
23815532,20
23816212,27
23816884,23
23817564,14
23818236,16
23818916,18
23819596,22
23820268,25
23820940,16
23821620,14
23822292,14
23822964,14
23823644,12
23824316,11
23824988,22
23825668,20
23826340,10
23827012,10
23827692,14
23828364,10
23829044,12
23829724,11
23830396,11
23831076,16
23831756,15
23832432,12
23833108,11
23833788,12
23834460,12
23835140,12
23835820,27
23836496,18
23837172,28
23837852,17
23838524,11
23839204,12
23839884,36
23840556,42
23841236,46
23841916,48
23842588,61
23843268,41
23843948,11
23844620,18
23845300,14
23845980,12
23846652,14
23847332,15
23848012,12
23848684,10
23849364,10
23850044,9
23850664,11
23851348,20
23852020,23
23852692,19
23853372,12
23854044,12
23854716,16
23855396,19
23856068,22
23856740,14
23857420,10
23858092,10
23858764,10
23859444,14
23860116,12
23860792,11
23861468,12
23862140,18
23862820,11
23863500,29
23864172,26
23864852,21
23865532,16
23866204,32
23866884,52
23867564,61
23868236,40
23868916,16
23869596,11
23870268,10
23870948,12
23871628,16
23872300,19
23872980,18
23873660,13
23874332,14
23875012,18
23875692,20
23876364,26
23877044,32
23877724,37
23878396,19
23879076,16
23879756,26
23880428,55
23881108,76
23881788,46
23882460,18
23883140,14
23883820,14
23884492,10
23885172,10
23885852,14
23886524,12
23887204,12
23887884,12
23888556,12
23889236,11
23889908,12
23890580,15
23891260,16
23891932,10
23892604,10
23893284,10
23893956,10
23894632,10
23895308,10
23895980,11
23896656,14
23897332,16
23898008,13
23898684,10
23899364,18
23900036,17
23900716,14
23901396,11
23902072,13
23902748,10
23903428,15
23904104,17
23904780,26
23905460,32
23906132,12
23906812,50
23907492,52
23908168,29
23908844,15
23909524,11
23910200,10
23910876,11
23911556,14
23912232,12
23912908,10
23913588,12
23914264,11
23914940,10
23915620,11
23916292,11
23916972,14
23917652,13
23918328,16
23919004,27
23919684,20
23920360,22
23921036,30
23921716,48
23922388,38
23923068,18
23923748,18
23924420,42
23925100,48
23925780,12
23926452,16
23927132,16
23927804,45
23928484,56
23929164,42
23929836,31
23930508,26
23931188,18
23931864,15
23932532,16
23933212,12
23933884,11
23934556,10
23935236,10
23935912,11
23936584,17
23937260,15
23937932,16
23938612,18
23939292,18
23939964,12
23940644,12
23941324,11
23941996,15
23942676,18
23943356,13
23944028,10
23944708,12
23945388,10
23946060,11
23946740,14
23947420,17
23948092,19
23948772,19
23949452,18
23950124,12
23950804,11
23951484,14
23952156,24
23952836,21
23953516,11
23954192,17
23954868,13
23955548,12
23956220,13
23956900,16
23957580,31
23958256,38
23958932,14
23959612,39
23960288,25
23960964,40
23961644,44
23962316,30
23962996,16
23963676,11
23964348,14
23965028,22
23965708,24
23966380,14
23967060,15
23967732,20
23968404,26
23969084,32
23969756,34
23970428,17
23971108,14
23971784,24
23972456,31
23973132,22
23973804,22
23974476,16
23975156,12
23975828,16
23976508,14
23977188,10
23977860,10
23978540,12
23979220,12
23979892,11
23980572,10
23981252,13
23981928,13
23982604,12
23983284,11
23983956,12
23984636,15
23985316,15
23985988,12
23986668,12
23987348,16
23988020,12
23988700,14
23989380,15
23990056,13
23990732,12
23991412,11
23992088,11
23992764,14
23993444,13
23994120,10
23994796,11
23995476,12
23996152,15
23996828,16
23997508,12
23998184,12
23998860,13
23999540,13
24000216,12
24000892,10
24001568,12
24002244,12
24002924,12
24003600,13
24004276,14
24004956,18
24005628,29
24006308,26
24006988,14
24007660,20
24008332,31
24009012,34
24009684,28
24010356,38
24011036,59
24011708,57
24012380,18
24013060,64
24013732,106
24014456,126
24015184,87
24015852,40
24016524,12
24017204,12
24017876,20
24018548,38
24019228,34
24019900,12
24020572,22
24021252,12
24021924,18
24022596,23
24023276,22
24023948,16
24024628,10
24025308,12
24025980,16
24026660,14
24027340,13
24028012,11
24028692,12
24029372,12
24030044,11
24030724,30
24031404,47
24032076,38
24032756,24
24033436,11
24034108,26
24034788,48
24035468,33
24036140,16
24036820,11
24037500,12
24038172,14
24038852,12
24039532,13
24040204,11
24040884,11
24041564,14
24042236,11
24042916,10
24043596,10
24044268,12
24044948,13
24045628,19
24046300,16
24046980,14
24047660,13
24048332,11
24049012,10
24049692,15
24050364,27
24051044,30
24051724,26
24052396,24
24053076,26
24053748,16
24054424,30
24055100,50
24055772,36
24056448,11
24057124,26
24057796,22
24058468,22
24059148,38
24059824,40
24060496,27
24061172,10
24061848,11
24062524,12
24063204,17
24063880,14
24064556,12
24065236,11
24065908,11
24066588,17
24067264,15
24067940,15
24068620,17
24069300,11
24069972,10
24070652,15
24071332,24
24072004,19
24072680,14
24073364,13
24074036,22
24074716,20
24075396,20
24076068,14
24076748,16
24077428,25
24078100,25
24078780,20
24079460,13
24080132,11
24080812,20
24081492,38
24082164,43
24082844,11
24083524,16
24084196,13
24084876,10
24085552,13
24086228,18
24086908,20
24087588,13
24088260,11
24088940,12
24089620,12
24090292,10
24090972,10
24091644,9
24092272,11
24092956,10
24093628,10
24094300,10
24094980,10
24095652,12
24096324,12
24097000,12
24097676,10
24098356,13
24099036,14
24099708,16
24100388,12
24101068,10
24101740,10
24102420,10
24103100,12
24103772,13
24104452,12
24105132,12
24105804,12
24106484,11
24107164,11
24107836,16
24108516,16
24109196,11
24109868,10
24110548,10
24111228,9
24111848,11
24112536,16
24113212,20
24113884,14
24114564,14
24115244,10
24115916,22
24116596,36
24117276,36
24117948,24
24118628,22
24119308,14
24119980,11
24120660,16
24121332,30
24122004,41
24122684,32
24123356,13
24124028,30
24124708,38
24125384,53
24126056,46
24126732,26
24127404,19
24128076,10
24128752,16
24129428,23
24130104,22
24130788,20
24131460,18
24132140,10
24132820,11
24133492,15
24134172,14
24134852,10
24135524,12
24136204,12
24136884,12
24137556,14
24138236,20
24138916,16
24139588,11
24140268,14
24140948,24
24141620,22
24142300,16
24142980,19
24143652,14
24144332,22
24145012,16
24145684,11
24146364,10
24147044,12
24147716,13
24148396,12
24149076,10
24149748,10
24150428,12
24151108,11
24151784,11
24152460,18
24153140,12
24153816,12
24154492,22
24155172,20
24155848,16
24156524,42
24157204,68
24157876,44
24158556,18
24159232,10
24159912,11
24160588,10
24161260,12
24161932,12
24162612,12
24163284,14
24163956,12
24164636,11
24165308,11
24165984,13
24166660,10
24167332,14
24168004,18
24168680,15
24169356,12
24170036,13
24170716,15
24171388,13
24172068,12
24172748,20
24173420,20
24174100,15
24174780,11
24175452,16
24176132,14
24176812,12
24177484,10
24178164,10
24178844,12
24179516,11
24180196,10
24180876,12
24181548,10
24182228,10
24182908,10
24183580,10
24184260,10
24184940,10
24185612,10
24186292,10
24186972,11
24187644,11
24188324,11
24189004,12
24189676,10
24190356,10
24191036,11
24191712,26
24192388,34
24193068,26
24193740,17
24194420,11
24195100,29
24195772,40
24196452,23
24197132,14
24197804,27
24198484,24
24199156,13
24199828,10
24200508,12
24201180,22
24201852,31
24202532,30
24203204,25
24203876,26
24204556,22
24205232,18
24205900,19
24206580,16
24207252,10
24207932,10
24208612,15
24209284,16
24209964,12
24210644,12
24211316,12
24211996,10
24212676,12
24213348,10
24214028,14
24214708,13
24215380,10
24216060,20
24216740,45
24217412,48
24218092,34
24218772,27
24219444,11
24220124,26
24220804,28
24221476,22
24222156,12
24222836,18
24223508,19
24224188,12
24224868,11
24225540,19
24226220,10
24226900,32
24227572,43
24228252,34
24228932,12
24229604,18
24230284,22
24230964,12
24231636,14
24232316,20
24232996,38
24233668,47
24234348,30
24235028,18
24235704,48
24236380,51
24237056,52
24237736,43
24238412,22
24239084,27
24239756,43
24240436,38
24241108,12
24241780,27
24242460,35
24243136,32
24243808,24
24244484,11
24245156,17
24245828,32
24246508,52
24247180,34
24247860,14
24248540,27
24249212,20
24249892,16
24250572,12
24251244,19
24251924,15
24252604,13
24253276,14
24253956,14
24254636,13
24255308,11
24255988,14
24256668,15
24257340,10
24258020,18
24258700,29
24259372,36
24260052,18
24260732,24
24261404,44
24262084,56
24262764,32
24263436,14
24264116,16
24264796,11
24265468,10
24266148,10
24266828,9
24267448,11
24268136,10
24268812,11
24269484,10
24270164,13
24270836,20
24271508,21
24272188,20
24272860,14
24273532,10
24274212,18
24274884,24
24275556,16
24276236,10
24276908,10
24277580,10
24278260,15
24278932,18
24279612,10
24280292,12
24280964,14
24281644,14
24282324,11
24282996,11
24283676,19
24284356,17
24285028,11
24285708,12
24286388,15
24287064,14
24287740,13
24288420,12
24289092,11
24289772,10
24290452,12
24291124,12
24291804,12
24292484,14
24293156,12
24293836,10
24294516,12
24295188,10
24295868,12
24296548,14
24297220,12
24297900,11
24298580,10
24299252,11
24299932,12
24300612,11
24301288,14
24301964,12
24302644,11
24303316,11
24303996,12
24304676,11
24305348,11
24306028,12
24306708,12
24307384,15
24308060,18
24308732,17
24309416,11
24310092,20
24310764,30
24311440,18
24312116,12
24312792,27
24313464,43
24314140,35
24314816,25
24315488,14
24316164,12
24316836,13
24317512,13
24318188,11
24318864,22
24319540,19
24320220,14
24320892,14
24321568,15
24322252,15
24322924,26
24323604,30
24324284,16
24324956,12
24325636,23
24326316,21
24326988,19
24327668,30
24328348,37
24329020,34
24329700,32
24330380,26
24331052,16
24331732,40
24332412,60
24333084,52
24333764,34
24334444,24
24335116,18
24335796,10
24336476,12
24337148,14
24337828,15
24338508,13
24339180,24
24339860,32
24340540,12
24341212,28
24341892,28
24342572,21
24343244,10
24343924,43
24344604,74
24345276,43
24345956,12
24346636,12
24347308,11
24347988,14
24348660,15
24349332,16
24350012,12
24350684,11
24351356,11
24352036,20
24352708,24
24353380,12
24354060,28
24354732,11
24355404,11
24356084,10
24356756,11
24357436,10
24358116,10
24358788,14
24359468,10
24360148,21
24360820,28
24361500,28
24362180,14
24362852,22
24363532,28
24364212,19
24364884,12
24365564,20
24366244,29
24366916,20
24367596,14
24368276,22
24368948,31
24369628,24
24370308,12
24370984,20
24371660,20
24372340,17
24373012,14
24373692,16
24374372,23
24375044,17
24375724,11
24376404,12
24377076,12
24377756,14
24378436,12
24379108,16
24379788,16
24380468,19
24381140,26
24381820,18
24382500,12
24383172,10
24383852,11
24384532,14
24385204,12
24385884,10
24386556,11
24387236,14
24387916,11
24388588,13
24389260,12
24389940,12
24390612,28
24391284,30
24391964,15
24392636,10
24393308,11
24393988,10
24394660,17
24395332,19
24396012,20
24396684,14
24397364,12
24398044,18
24398716,14
24399396,12
24400076,11
24400748,10
24401428,11
24402108,11
24402780,10
24403460,12
24404140,16
24404812,12
24405492,12
24406172,12
24406844,10
24407524,12
24408204,10
24408876,16
24409556,16
24410236,12
24410908,14
24411588,12
24412268,11
24412940,10
24413620,11
24414300,17
24414972,24
24415652,20
24416332,17
24417004,16
24417684,10
24418364,21
24419036,19
24419716,10
24420396,21
24421068,24
24421748,36
24422428,30
24423100,12
24423780,24
24424460,40
24425132,38
24425812,40
24426484,44
24427156,50
24427836,46
24428508,40
24429180,12
24429860,18
24430532,21
24431204,28
24431884,28
24432560,13
24433228,18
24433908,26
24434580,19
24435260,12
24435940,10
24436612,12
24437292,10
24437972,11
24438644,12
24439324,14
24440004,11
24440676,14
24441356,11
24442036,11
24442708,10
24443388,10
24444068,10
24444740,18
24445420,18
24446100,11
24446772,10
24447452,10
24448132,11
24448804,12
24449484,11
24450164,11
24450836,10
24451516,10
24452196,12
24452868,11
24453548,12
24454228,12
24454900,19
24455580,19
24456260,17
24456932,10
24457612,11
24458292,17
24458964,14
24459644,10
24460324,15
24460996,26
24461676,14
24462356,11
24463032,11
24463708,12
24464380,12
24465060,12
24465740,31
24466412,40
24467084,39
24467764,20
24468436,13
24469112,41
24469788,64
24470460,34
24471132,15
24471812,12
24472488,12
24473160,12
24473836,10
24474508,10
24475188,12
24475868,10
24476540,10
24477220,10
24477900,10
24478576,11
24479252,22
24479932,17
24480608,15
24481284,12
24481964,9
24482584,12
24483268,10
24483948,22
24484620,12
24485300,26
24485980,25
24486652,23
24487332,29
24488012,34
24488684,22
24489364,14
24490044,10
24490716,10
24491396,12
24492076,10
24492748,14
24493428,16
24494108,14
24494780,10
24495460,12
24496140,20
24496812,23
24497492,18
24498164,15
24498836,16
24499516,14
24500188,10
24500860,10
24501540,12
24502212,11
24502884,24
24503564,46
24504236,46
24504912,18
24505588,11
24506264,11
24506940,10
24507620,12
24508292,16
24508972,22
24509652,23
24510324,11
24511004,13
24511684,13
24512360,11
24513036,12
24513716,21
24514392,15
24515068,10
24515748,16
24516420,16
24517100,10
24517780,24
24518452,18
24519132,12
24519812,15
24520488,13
24521164,13
24521844,23
24522516,36
24523196,34
24523876,17
24524552,11
24525228,26
24525908,36
24526580,25
24527260,10
24527940,19
24528616,18
24529292,22
24529972,27
24530644,25
24531324,26
24532004,18
24532676,10
24533356,24
24534036,28
24534712,12
24535388,18
24536060,23
24536740,11
24537420,23
24538096,22
24538764,14
24539444,12
24540120,26
24540792,21
24541468,18
24542140,16
24542816,11
24543492,14
24544168,14
24544836,24
24545516,29
24546192,23
24546868,28
24547548,16
24548224,23
24548900,43
24549580,31
24550256,17
24550936,20
24551612,25
24552288,19
24552964,10
24553644,10
24554316,12
24554996,30
24555676,32
24556352,19
24557028,14
24557708,22
24558384,19
24559060,53
24559740,38
24560416,15
24561092,12
24561772,10
24562448,11
24563124,10
24563804,11
24564480,12
24565156,12
24565836,17
24566512,11
24567188,18
24567868,15
24568544,11
24569220,18
24569900,20
24570576,13
24571252,12
24571932,12
24572608,11
24573288,12
24573964,12
24574640,11
24575320,26
24575992,19
24576668,10
24577344,11
24578012,12
24578684,10
24579360,12
24580036,11
24580708,12
24581384,12
24582060,10
24582732,10
24583408,14
24584084,15
24584760,16
24585436,14
24586108,11
24586784,10
24587464,16
24588140,12
24588820,14
24589496,14
24590164,10
24590840,10
24591524,10
24592196,10
24592872,10
24593552,11
24594228,12
24594908,12
24595588,12
24596260,12
24596940,12
24597616,13
24598292,14
24598972,16
24599652,16
24600324,21
24601000,11
24601684,13
24602356,23
24603036,13
24603716,13
24604388,31
24605068,42
24605748,33
24606420,17
24607100,10
24607780,9
24608400,10
24609084,12
24609756,10
24610428,12
24611108,11
24611780,10
24612452,17
24613132,18
24613804,13
24614476,17
24615156,41
24615828,44
24616508,24
24617188,10
24617860,18
24618540,38
24619220,42
24619892,42
24620572,32
24621252,16
24621924,31
24622604,46
24623284,29
24623956,26
24624636,40
24625316,16
24625988,16
24626668,24
24627348,9
24627968,17
24628652,18
24629332,21
24630004,18
24630684,14
24631364,12
24632036,22
24632716,38
24633396,33
24634068,25
24634748,12
24635428,21
24636100,40
24636780,28
24637460,17
24638132,12
24638812,11
24639484,14
24640164,12
24640840,10
24641508,10
24642180,10
24642860,28
24643532,45
24644204,58
24644880,48
24645556,32
24646228,12
24646908,32
24647580,27
24648252,34
24648928,46
24649604,67
24650280,56
24650964,29
24651636,14
24652316,16
24652996,26
24653668,17
24654348,12
24655028,18
24655700,24
24656380,20
24657060,13
24657732,12
24658412,14
24659088,28
24659764,34
24660444,44
24661124,40
24661796,18
24662476,23
24663156,52
24663828,60
24664508,41
24665188,17
24665860,10
24666540,10
24667220,11
24667892,22
24668572,18
24669252,17
24669924,36
24670604,28
24671284,25
24671956,16
24672636,12
24673316,10
24673988,12
24674668,18
24675348,12
24676020,10
24676700,10
24677372,10
24678052,11
24678732,10
24679404,14
24680076,12
24680752,11
24681428,12
24682100,22
24682780,32
24683452,30
24684124,32
24684804,24
24685476,13
24686148,40
24686828,38
24687500,40
24688180,20
24688860,25
24689532,36
24690212,32
24690892,19
24691564,12
24692244,27
24692924,21
24693596,16
24694276,10
24694956,10
24695628,12
24696308,11
24696988,12
24697660,12
24698340,21
24699020,33
24699692,34
24700372,43
24701052,53
24701724,46
24702404,16
24703084,20
24703756,20
24704436,34
24705116,73
24705788,72
24706468,58
24707148,33
24707820,20
24708500,21
24709180,11
24709852,10
24710532,10
24711212,12
24711884,14
24712564,12
24713244,17
24713916,13
24714596,18
24715276,17
24715948,14
24716628,12
24717304,11
24717972,14
24718652,12
24719324,12
24720000,11
24720672,16
24721348,22
24722020,20
24722700,16
24723372,17
24724044,12
24724724,10
24725396,10
24726076,14
24726756,14
24727428,28
24728108,28
24728788,17
24729460,11
24730140,12
24730820,11
24731492,13
24732172,12
24732852,11
24733524,10
24734204,10
24734884,10
24735556,16
24736236,20
24736916,13
24737588,11
24738268,12
24738948,14
24739620,15
24740300,12
24740980,14
24741652,26
24742332,38
24743012,38
24743684,32
24744364,16
24745044,20
24745716,41
24746396,28
24747076,15
24747748,14
24748428,19
24749108,17
24749780,28
24750460,37
24751140,21
24751812,11
24752492,13
24753172,12
24753844,13
24754524,12
24755196,23
24755880,18
24756556,10
24757228,20
24757900,42
24758580,14
24759252,24
24759924,52
24760604,34
24761276,11
24761948,11
24762628,12
24763300,14
24763972,13
24764652,11
24765324,12
24766004,12
24766684,10
24767356,10
24768036,11
24768712,13
24769388,12
24770068,11
24770748,13
24771420,16
24772100,12
24772780,11
24773452,10
24774132,10
24774812,14
24775484,14
24776164,10
24776844,9
24777464,11
24778152,12
24778828,11
24779504,11
24780180,11
24780860,12
24781532,11
24782212,10
24782892,15
24783564,14
24784244,10
24784924,9
24785544,11
24786228,10
24786900,26
24787572,22
24788252,14
24788924,14
24789596,14
24790276,10
24790948,11
24791624,10
24792300,11
24792972,18
24793652,12
24794332,18
24795004,32
24795684,39
24796364,41
24797036,13
24797716,30
24798396,76
24799072,68
24799748,43
24800428,11
24801100,18
24801780,10
24802460,15
24803132,16
24803812,26
24804492,35
24805164,25
24805844,18
24806524,12
24807196,14
24807876,19
24808556,22
24809228,12
24809908,13
24810588,13
24811260,16
24811940,12
24812620,11
24813292,14
24813972,20
24814652,21
24815324,18
24816004,12
24816684,33
24817356,38
24818036,28
24818716,13
24819392,17
24820068,12
24820748,13
24821420,23
24822100,16
24822772,12
24823444,18
24824124,18
24824796,10
24825468,28
24826148,36
24826820,34
24827492,30
24828172,16
24828844,15
24829516,43
24830196,50
24830872,50
24831548,36
24832228,10
24832900,14
24833576,16
24834260,13
24834932,12
24835612,11
24836292,11
24836964,12
24837644,11
24838324,21
24838996,29
24839676,12
24840356,21
24841028,21
24841708,16
24842388,17
24843060,16
24843740,10
24844420,12
24845092,16
24845772,11
24846452,15
24847124,14
24847804,32
24848484,40
24849156,24
24849836,42
24850516,80
24851188,70
24851868,53
24852548,37
24853220,21
24853900,11
24854580,20
24855252,30
24855932,27
24856612,26
24857284,27
24857964,16
24858644,12
24859316,32
24859996,30
24860672,20
24861348,11
24862028,12
24862700,20
24863376,27
24864052,20
24864724,10
24865396,13
24866076,14
24866748,10
24867420,11
24868100,12
24868772,20
24869444,19
24870124,10
24870796,22
24871476,28
24872156,24
24872828,16
24873508,14
24874188,12
24874860,13
24875540,10
24876220,12
24876892,10
24877572,10
24878252,10
24878924,12
24879604,14
24880284,21
24880956,26
24881636,31
24882316,30
24882992,12
24883668,24
24884348,25
24885020,30
24885700,26
24886380,27
24887052,18
24887732,12
24888412,12
24889084,14
24889764,12
24890444,11
24891116,10
24891796,10
24892476,10
24893148,10
24893828,14
24894508,10
24895180,16
24895860,19
24896540,24
24897212,22
24897892,12
24898572,36
24899244,68
24899924,60
24900596,21
24901268,20
24901948,42
24902620,74
24903296,78
24903972,26
24904644,16
24905316,20
24905996,16
24906668,15
24907340,36
24908020,36
24908692,14
24909368,14
24910052,12
24910724,10
24911404,11
24912084,12
24912756,17
24913436,22
24914116,13
24914788,12
24915468,14
24916148,21
24916820,20
24917500,19
24918180,12
24918852,20
24919532,22
24920212,27
24920884,30
24921564,16
24922244,16
24922916,28
24923596,13
24924276,22
24924948,23
24925628,20
24926308,16
24926980,33
24927660,38
24928340,20
24929012,23
24929692,62
24930372,66
24931044,48
24931724,18
24932404,34
24933076,44
24933756,26
24934436,11
24935108,34
24935788,90
24936468,75
24937140,20
24937820,27
24938492,32
24939172,17
24939852,19
24940524,14
24941196,11
24941876,10
24942548,13
24943220,10
24943900,14
24944576,24
24945248,17
24945924,12
24946596,28
24947268,20
24947948,11
24948620,18
24949300,18
24949980,22
24950652,37
24951332,17
24952012,25
24952684,29
24953364,22
24954044,17
24954716,32
24955396,66
24956076,68
24956748,39
24957428,10
24958108,26
24958780,11
24959460,32
24960140,41
24960812,35
24961488,11
24962172,24
24962844,24
24963524,25
24964204,33
24964876,26
24965556,20
24966236,16
24966908,11
24967588,12
24968268,12
24968940,27
24969620,40
24970300,37
24970972,16
24971652,32
24972332,59
24973004,57
24973684,46
24974364,14
24975036,31
24975716,47
24976396,56
24977068,35
24977748,11
24978420,10
24979092,20
24979772,24
24980444,14
24981116,26
24981796,30
24982468,20
24983140,12
24983820,12
24984492,10
24985164,10
24985844,10
24986516,12
24987192,27
24987868,48
24988540,26
24989220,18
24989900,36
24990572,26
24991252,14
24991932,27
24992604,11
24993280,16
24993960,10
24994636,18
24995316,11
24995996,21
24996668,48
24997348,43
24998028,21
24998700,11
24999380,11
25000060,11
25000732,18
25001412,30
25002092,36
25002764,16
25003444,11
25004124,17
25004796,16
25005476,20
25006156,32
25006828,12
25007508,36
25008188,44
25008860,24
25009540,14
25010220,11
25010892,10
25011572,24
25012252,17
25012924,14
25013604,30
25014284,41
25014956,22
25015636,14
25016308,15
25016980,14
25017660,16
25018332,44
25019004,35
25019684,26
25020356,34
25021028,20
25021708,18
25022380,11
25023056,32
25023732,48
25024408,19
25025084,20
25025764,36
25026436,42
25027116,12
25027796,40
25028468,24
25029148,30
25029828,41
25030500,17
25031180,42
25031860,49
25032532,63
25033212,40
25033892,28
25034564,62
25035244,58
25035924,37
25036600,11
25037276,48
25037956,69
25038628,75
25039308,38
25039988,11
25040664,20
25041340,36
25042020,33
25042692,26
25043372,14
25044052,9
25044672,16
25045356,28
25046036,17
25046708,15
25047388,11
25048060,15
25048740,26
25049420,22
25050092,11
25050764,14
25051444,10
25052116,18
25052788,33
25053468,14
25054140,26
25054812,33
25055492,16
25056164,16
25056836,10
25057516,12
25058188,11
25058868,10
25059548,10
25060220,16
25060900,10
25061580,38
25062256,108
25062984,126
25063712,60
25064380,48
25065052,148
25065784,144
25066512,168
25067240,86
25067924,20
25068604,54
25069276,91
25069956,70
25070636,47
25071308,15
25071988,24
25072668,51
25073340,20
25074020,16
25074700,15
25075372,106
25076104,103
25076832,16
25077508,27
25078188,74
25078868,101
25079592,23
25080276,40
25080956,76
25081632,137
25082360,121
25083088,127
25083816,77
25084496,12
25085172,62
25085848,122
25086576,222
25087304,111
25088032,108
25088768,180
25089492,89
25090172,15
25090844,32
25091524,99
25092204,161
25092928,60
25093604,75
25094284,36
25094956,85
25095636,138
25096368,30
25097044,46
25097724,47
25098404,55
25099076,46
25099756,92
25100436,79
25101108,48
25101788,33
25102468,12
25103140,50
25103820,94
25104500,84
25105172,14
25105852,26
25106532,15
25107204,16
25107884,90
25108564,171
25109288,121
25110016,80
25110692,35
25111364,38
25112044,84
25112724,56
25113396,11
25114076,12
25114756,54
25115428,14
25116108,64
25116788,90
25117464,54
25118140,40
25118820,17
25119492,43
25120172,22
25120852,13
25121524,20
25122204,28
25122884,33
25123556,19
25124236,12
25124916,21
25125588,96
25126268,24
25126948,31
25127620,16
25128300,12
25128980,25
25129652,34
25130332,18
25131004,19
25131684,143
25132416,155
25133144,34
25133820,16
25134500,28
25135180,16
25135856,18
25136532,26
25137212,43
25137884,38
25138564,21
25139244,15
25139916,16
25140596,38
25141276,63
25141948,28
25142628,32
25143308,26
25143980,16
25144660,108
25145392,131
25146124,35
25146804,48
25147484,58
25148156,106
25148888,142
25149616,74
25150292,20
25150972,10
25151652,13
25152328,14
25153004,15
25153684,12
25154356,10
25155036,18
25155716,39
25156388,52
25157068,103
25157800,96
25158476,46
25159156,26
25159836,65
25160508,103
25161240,53
25161916,17
25162588,35
25163268,53
25163948,32
25164624,11
25165300,20
25165980,10
25166652,12
25167332,11
25168012,11
25168684,10
25169364,14
25170044,12
25170716,10
25171396,18
25172076,40
25172748,31
25173428,12
25174108,24
25174784,30
25175460,42
25176140,56
25176812,32
25177492,10
25178172,18
25178844,13
25179524,11
25180204,12
25180876,12
25181556,10
25182236,10
25182912,10
25183588,14
25184268,12
25184940,19
25185620,24
25186292,44
25186968,44
25187644,24
25188320,31
25188992,39
25189668,44
25190344,21
25191016,17
25191692,16
25192364,12
25193036,10
25193716,12
25194388,11
25195068,22
25195748,16
25196420,12
25197100,62
25197780,82
25198452,101
25199184,71
25199860,48
25200536,184
25201264,190
25201992,85
25202660,12
25203332,10
25204012,14
25204684,22
25205356,57
25206036,66
25206708,30
25207380,27
25208060,76
25208732,24
25209404,10
25210084,12
25210756,17
25211436,10
25212116,14
25212792,32
25213468,26
25214148,13
25214824,36
25215500,27
25216180,74
25216852,48
25217532,14
25218212,16
25218884,30
25219564,94
25220244,129
25220968,103
25221704,72
25222380,188
25223108,173
25223832,15
25224516,12
25225188,13
25225864,38
25226540,94
25227212,55
25227884,42
25228564,34
25229240,14
25229908,22
25230588,27
25231260,16
25231936,16
25232612,14
25233284,62
25233964,61
25234644,29
25235316,26
25235996,34
25236676,75
25237348,38
25238028,14
25238708,12
25239380,17
25240060,22
25240740,25
25241412,25
25242092,10
25242772,11
25243444,22
25244124,36
25244804,20
25245476,36
25246156,54
25246836,72
25247508,78
25248188,64
25248868,64
25249540,26
25250220,78
25250900,76
25251572,38
25252252,65
25252932,119
25253656,57
25254340,17
25255020,12
25255692,14
25256372,30
25257052,32
25257724,32
25258404,102
25259136,107
25259868,80
25260548,20
25261228,80
25261900,75
25262580,98
25263260,56
25263936,33
25264612,38
25265292,41
25265964,54
25266644,26
25267324,20
25267996,67
25268676,50
25269356,20
25270032,21
25270708,11
25271388,14
25272064,13
25272740,12
25273420,11
25274096,15
25274772,23
25275452,27
25276128,20
25276804,16
25277484,15
25278156,12
25278836,11
25279516,12
25280192,16
25280868,22
25281548,20
25282220,16
25282900,14
25283572,30
25284244,56
25284924,54
25285596,10
25286268,10
25286948,12
25287620,12
25288292,11
25288972,16
25289644,30
25290316,28
25290996,34
25291672,28
25292348,14
25293028,12
25293700,10
25294380,26
25295060,69
25295732,64
25296412,24
25297092,17
25297764,14
25298444,10
25299124,15
25299796,15
25300476,14
25301156,15
25301828,19
25302508,22
25303188,36
25303864,41
25304540,54
25305220,57
25305896,42
25306572,26
25307252,17
25307924,22
25308604,44
25309284,55
25309956,98
25310636,74
25311316,39
25311992,21
25312672,11
25313348,14
25314020,12
25314700,10
25315380,27
25316052,32
25316732,12
25317412,10
25318088,11
25318764,16
25319444,16
25320116,22
25320796,30
25321472,33
25322152,13
25322828,32
25323504,27
25324176,11
25324852,22
25325524,26
25326196,23
25326876,18
25327552,23
25328224,11
25328900,20
25329572,20
25330248,56
25330924,21
25331600,27
25332276,47
25332956,66
25333632,28
25334308,26
25334988,34
25335664,27
25336340,25
25337020,23
25337696,11
25338372,16
25339052,13
25339728,10
25340404,17
25341084,15
25341760,10
25342436,18
25343116,38
25343792,38
25344472,46
25345148,22
25345820,16
25346500,31
25347180,18
25347856,14
25348532,30
25349212,70
25349884,63
25350564,32
25351244,13
25351916,11
25352596,10
25353276,16
25353952,23
25354628,17
25355308,13
25355984,28
25356660,14
25357340,33
25358016,52
25358692,74
25359372,106
25360096,75
25360780,54
25361460,48
25362132,156
25362864,149
25363592,64
25364272,23
25364948,21
25365628,24
25366300,16
25366980,10
25367660,18
25368336,29
25369012,22
25369692,30
25370364,25
25371044,11
25371724,22
25372400,21
25373076,12
25373756,14
25374432,15
25375108,29
25375788,20
25376464,10
25377140,14
25377820,19
25378492,13
25379172,35
25379852,39
25380524,26
25381204,14
25381880,21
25382552,34
25383228,32
25383904,16
25384576,24
25385252,55
25385928,108
25386648,44
25387332,14
25388008,11
25388680,11
25389356,12
25390032,23
25390704,40
25391384,62
25392056,67
25392728,24
25393408,70
25394080,39
25394752,65
25395432,48
25396100,18
25396780,11
25397460,12
25398132,13
25398812,14
25399492,16
25400164,14
25400844,24
25401524,21
25402196,16
25402876,12
25403556,17
25404228,11
25404908,14
25405588,25
25406260,56
25406940,72
25407620,79
25408296,35
25408972,34
25409652,63
25410324,65
25411004,20
25411684,13
25412356,30
25413036,22
25413716,16
25414388,24
25415068,28
25415748,30
25416420,28
25417100,17
25417780,11
25418452,12
25419132,11
25419812,13
25420488,16
25421164,23
25421844,29
25422516,17
25423196,13
25423876,11
25424552,19
25425228,18
25425900,26
25426576,19
25427252,14
25427924,16
25428596,11
25429276,15
25429952,14
25430624,17
25431300,18
25431976,30
25432648,34
25433324,45
25434000,26
25434676,12
25435356,22
25436032,20
25436708,21
25437388,35
25438064,22
25438740,11
25439420,11
25440096,17
25440772,20
25441452,37
25442124,41
25442804,51
25443484,43
25444156,26
25444836,17
25445516,41
25446192,43
25446868,32
25447548,21
25448220,37
25448900,40
25449580,11
25450252,27
25450932,28
25451612,26
25452284,11
25452964,31
25453644,41
25454316,23
25454996,16
25455676,14
25456352,13
25457028,10
25457708,11
25458380,10
25459060,10
25459740,11
25460412,12
25461092,11
25461772,18
25462444,23
25463124,16
25463800,11
25464472,18
25465148,15
25465824,15
25466496,14
25467172,10
25467848,11
25468520,28
25469196,55
25469872,47
25470544,22
25471224,15
25471896,38
25472576,66
25473252,56
25473928,27
25474604,50
25475284,57
25475956,40
25476636,16
25477316,14
25477988,22
25478668,24
25479348,20
25480020,13
25480700,16
25481380,18
25482052,20
25482732,16
25483412,12
25484088,17
25484764,28
25485444,26
25486116,27
25486796,12
25487476,33
25488152,50
25488828,33
25489508,17
25490184,18
25490860,44
25491540,41
25492216,30
25492892,16
25493572,17
25494248,48
25494924,44
25495604,19
25496280,17
25496956,18
25497636,12
25498308,16
25498988,32
25499668,25
25500340,12
25501020,10
25501696,11
25502376,12
25503052,23
25503728,27
25504400,14
25505076,15
25505752,18
25506424,15
25507100,13
25507776,36
25508448,56
25509124,66
25509800,64
25510472,24
25511148,55
25511824,82
25512500,21
25513180,11
25513856,11
25514532,12
25515212,39
25515888,65
25516564,42
25517244,11
25517920,11
25518596,11
25519276,16
25519952,21
25520632,14
25521308,18
25521984,11
25522660,22
25523340,22
25524012,17
25524692,32
25525372,29
25526048,14
25526724,23
25527404,35
25528080,26
25528756,16
25529436,11
25530112,11
25530788,11
25531468,14
25532144,10
25532820,11
25533500,11
25534176,11
25534852,10
25535532,13
25536208,14
25536884,12
25537564,11
25538240,13
25538916,15
25539596,12
25540272,10
25540948,10
25541624,10
25542296,10
25542972,18
25543648,32
25544320,40
25544996,63
25545672,58
25546344,20
25547020,25
25547696,61
25548368,83
25549048,60
25549720,23
25550396,13
25551076,18
25551752,25
25552432,24
25553108,15
25553784,12
25554464,16
25555140,12
25555816,23
25556496,22
25557172,11
25557848,17
25558528,30
25559208,22
25559876,10
25560556,26
25561236,24
25561912,21
25562588,38
25563268,49
25563940,41
25564620,39
25565300,25
25565976,10
25566652,16
25567332,19
25568008,17
25568684,11
25569364,15
25570036,20
25570716,12
25571396,20
25572072,15
25572748,11
25573428,19
25574104,12
25574780,34
25575460,32
25576136,18
25576812,12
25577492,10
25578168,10
25578844,12
25579524,14
25580196,14
25580876,12
25581548,15
25582224,33
25582900,33
25583576,12
25584248,14
25584928,16
25585600,34
25586272,50
25586948,24
25587624,11
25588296,21
25588976,34
25589648,53
25590324,44
25591004,39
25591680,23
25592360,18
25593036,38
25593712,37
25594392,18
25595068,49
25595744,71
25596424,32
25597104,12
25597776,11
25598456,11
25599136,14
25599808,11
25600488,16
25601168,18
25601836,24
25602512,12
25603188,41
25603860,55
25604536,22
25605212,19
25605884,30
25606560,39
25607240,41
25607908,29
25608584,18
25609264,43
25609932,48
25610608,38
25611288,17
25611956,26
25612636,12
25613308,18
25613988,26
25614664,19
25615340,18
25616012,13
25616688,13
25617356,10
25618028,22
25618704,20
25619380,12
25620052,15
25620728,12
25621404,18
25622076,16
25622752,12
25623428,23
25624104,23
25624784,28
25625460,35
25626140,14
25626816,10
25627492,16
25628168,21
25628848,14
25629516,26
25630196,50
25630876,66
25631548,48
25632228,31
25632904,10
25633580,16
25634256,15
25634936,12
25635612,14
25636292,17
25636968,11
25637644,14
25638320,14
25639004,13
25639676,10
25640356,12
25641032,12
25641708,10
25642384,11
25643064,24
25643740,26
25644416,12
25645096,17
25645772,40
25646448,47
25647128,28
25647804,10
25648484,18
25649160,37
25649836,26
25650516,21
25651188,24
25651860,25
25652536,51
25653212,51
25653884,34
25654560,12
25655236,12
25655908,11
25656588,11
25657260,10
25657932,24
25658608,36
25659284,38
25659960,43
25660636,38
25661308,18
25661988,23
25662668,28
25663340,58
25664020,75
25664696,28
25665364,12
25666040,10
25666720,13
25667396,10
25668072,11
25668752,15
25669428,10
25670108,22
25670788,17
25671460,22
25672140,24
25672816,13
25673492,12
25674172,12
25674852,13
25675524,10
25676204,12
25676884,10
25677556,10
25678236,10
25678916,11
25679588,16
25680268,14
25680944,12
25681620,10
25682296,10
25682976,12
25683652,10
25684328,10
25685008,13
25685684,14
25686364,13
25687036,11
25687716,14
25688396,15
25689068,14
25689740,14
25690416,14
25691092,23
25691764,36
25692444,36
25693116,22
25693788,13
25694468,47
25695140,78
25695812,55
25696492,22
25697164,12
25697844,10
25698520,14
25699196,19
25699876,12
25700556,9
25701176,13
25701860,14
25702540,16
25703212,12
25703888,18
25704572,18
25705244,10
25705924,13
25706600,10
25707276,12
25707956,23
25708636,11
25709308,28
25709988,32
25710668,15
25711340,10
25712020,12
25712696,13
25713372,18
25714052,27
25714732,35
25715404,22
25716084,10
25716764,24
25717436,21
25718116,20
25718796,35
25719468,42
25720148,66
25720820,45
25721492,22
25722172,60
25722844,66
25723516,71
25724196,54
25724868,35
25725540,34
25726220,38
25726892,24
25727564,12
25728244,10
25728916,13
25729592,13
25730268,14
25730940,14
25731620,16
25732300,15
25732972,10
25733652,12
25734332,11
25735004,12
25735684,10
25736360,15
25737036,14
25737716,20
25738396,48
25739068,48
25739748,32
25740428,12
25741100,40
25741780,33
25742460,25
25743132,32
25743812,14
25744492,29
25745164,42
25745844,38
25746524,20
25747196,18
25747876,26
25748556,27
25749228,24
25749908,25
25750588,35
25751260,32
25751940,26
25752620,15
25753292,13
25753972,17
25754652,11
25755324,17
25756004,23
25756684,15
25757356,16
25758036,14
25758708,16
25759380,11
25760060,20
25760732,38
25761404,34
25762084,24
25762756,16
25763428,14
25764108,15
25764780,12
25765452,22
25766132,63
25766804,62
25767480,54
25768156,52
25768828,24
25769508,10
25770188,11
25770860,16
25771540,16
25772220,13
25772892,10
25773572,10
25774252,10
25774924,24
25775604,26
25776284,19
25776956,11
25777636,12
25778316,13
25778988,14
25779668,14
25780348,13
25781020,12
25781700,14
25782380,11
25783052,10
25783732,12
25784412,12
25785084,12
25785764,12
25786444,17
25787116,16
25787796,14
25788476,12
25789148,10
25789828,12
25790508,10
25791180,13
25791860,20
25792540,12
25793212,10
25793892,10
25794572,11
25795244,11
25795924,13
25796596,15
25797268,14
25797948,10
25798620,15
25799292,24
25799972,13
25800644,14
25801316,24
25801996,19
25802668,20
25803340,24
25804020,18
25804692,15
25805372,12
25806048,10
25806724,10
25807400,20
25808080,32
25808756,52
25809436,32
25810116,19
25810788,18
25811468,10
25812148,33
25812820,28
25813496,38
25814180,28
25814852,19
25815532,14
25816212,11
25816884,14
25817564,53
25818244,61
25818916,44
25819596,21
25820276,20
25820948,53
25821628,56
25822308,40
25822980,25
25823660,10
25824340,39
25825012,66
25825692,72
25826372,44
25827044,14
25827724,11
25828404,12
25829076,14
25829756,19
25830436,22
25831108,12
25831788,10
25832468,12
25833140,10
25833820,12
25834492,12
25835172,14
25835852,14
25836524,16
25837196,27
25837876,28
25838548,12
25839220,12
25839900,15
25840576,18
25841244,10
25841924,16
25842596,12
25843268,26
25843948,31
25844620,24
25845300,18
25845980,12
25846652,14
25847332,16
25848012,22
25848684,24
25849364,27
25850044,49
25850716,48
25851396,55
25852076,45
25852748,14
25853428,60
25854108,94
25854780,62
25855460,34
25856140,22
25856812,28
25857488,20
25858168,25
25858844,16
25859524,14
25860204,11
25860876,24
25861556,26
25862236,20
25862908,15
25863588,12
25864268,19
25864940,24
25865620,16
25866300,13
25866972,15
25867652,22
25868332,20
25869004,11
25869680,12
25870364,15
25871036,28
25871716,24
25872396,17
25873068,40
25873748,33
25874420,12
25875092,14
25875772,22
25876444,43
25877116,36
25877796,14
25878468,10
25879140,14
25879820,20
25880492,21
25881164,10
25881844,22
25882516,28
25883192,10
25883876,16
25884548,10
25885228,13
25885908,16
25886580,12
25887260,12
25887940,17
25888612,18
25889292,12
25889968,13
25890644,22
25891324,16
25892004,13
25892676,16
25893356,14
25894036,15
25894708,13
25895388,10
25896068,11
25896740,12
25897420,16
25898100,17
25898772,20
25899452,24
25900132,28
25900804,20
25901484,14
25902164,11
25902836,26
25903516,34
25904196,19
25904868,12
25905548,19
25906228,11
25906900,26
25907580,52
25908260,41
25908932,11
25909612,11
25910292,11
25910964,12
25911644,12
25912316,15
25912996,11
25913676,14
25914348,17
25915020,19
25915700,20
25916372,16
25917044,10
25917724,10
25918396,16
25919072,22
25919748,22
25920424,17
25921092,30
25921772,30
25922444,18
25923124,17
25923804,64
25924476,92
25925156,40
25925836,13
25926508,10
25927188,11
25927868,12
25928540,16
25929220,16
25929900,25
25930572,26
25931252,32
25931932,38
25932604,31
25933284,18
25933964,34
25934636,36
25935316,39
25935996,39
25936668,33
25937348,18
25938028,28
25938700,40
25939380,51
25940060,48
25940732,54
25941412,14
25942092,29
25942764,48
25943444,68
25944124,53
25944796,50
25945476,44
25946156,23
25946828,14
25947508,11
25948188,20
25948860,24
25949540,34
25950220,39
25950892,30
25951572,12
25952244,11
25952916,15
25953596,16
25954268,18
25954940,38
25955620,60
25956292,55
25956964,38
25957644,25
25958316,15
25958992,10
25959668,10
25960340,13
25961016,20
25961700,16
25962372,12
25963052,17
25963732,15
25964404,16
25965084,10
25965764,28
25966436,23
25967116,20
25967796,15
25968472,12
25969148,14
25969828,27
25970500,28
25971180,32
25971860,37
25972532,14
25973212,10
25973892,12
25974564,26
25975244,42
25975924,61
25976596,78
25977276,60
25977956,15
25978628,53
25979308,69
25979988,71
25980664,48
25981340,19
25982020,11
25982692,11
25983372,18
25984052,27
25984724,32
25985404,24
25986084,15
25986756,12
25987436,13
25988116,17
25988788,14
25989468,10
25990140,11
25990820,10
25991500,10
25992172,11
25992844,15
25993524,24
25994196,39
25994872,40
25995548,31
25996220,21
25996892,19
25997572,11
25998244,39
25998916,42
25999596,20
26000268,24
26000948,34
26001628,18
26002300,10
26002980,12
26003660,12
26004332,13
26005012,38
26005692,62
26006364,56
26007044,11
26007724,35
26008396,19
26009076,14
26009756,51
26010428,44
26011108,10
26011788,12
26012460,26
26013140,44
26013820,25
26014492,14
26015172,23
26015852,32
26016524,28
26017204,33
26017884,20
26018556,22
26019236,16
26019916,13
26020588,18
26021268,62
26021948,65
26022620,32
26023300,10
26023980,21
26024652,23
26025332,44
26026012,49
26026684,54
26027364,56
26028044,20
26028716,27
26029396,51
26030068,44
26030744,52
26031420,29
26032092,11
26032764,16
26033444,32
26034116,41
26034788,29
26035468,16
26036140,60
26036812,65
26037492,41
26038164,14
26038844,18
26039524,26
26040196,11
26040876,32
26041556,25
26042232,15
26042908,12
26043588,21
26044260,13
26044940,12
26045620,24
26046292,29
26046972,14
26047652,20
26048328,15
26049004,10
26049684,13
26050356,13
26051036,12
26051716,20
26052388,24
26053068,27
26053748,21
26054420,18
26055100,15
26055780,17
26056452,44
26057132,39
26057812,20
26058484,11
26059164,14
26059844,31
26060516,55
26061196,30
26061876,11
26062548,14
26063228,12
26063908,13
26064580,10
26065260,11
26065940,11
26066612,10
26067292,16
26067964,44
26068644,42
26069324,20
26069996,19
26070668,16
26071348,22
26072020,27
26072692,15
26073372,30
26074048,51
26074716,23
26075396,10
26076068,10
26076740,12
26077420,18
26078092,17
26078772,10
26079452,12
26080128,14
26080804,18
26081484,16
26082156,14
26082836,11
26083516,10
26084188,23
26084868,33
26085548,21
26086220,18
26086900,13
26087580,12
26088252,11
26088932,12
26089612,23
26090284,20
26090964,13
26091644,10
26092316,12
26092996,16
26093676,24
26094348,13
26095028,11
26095708,14
26096380,20
26097060,18
26097740,15
26098412,12
26099092,25
26099772,32
26100444,26
26101124,18
26101804,43
26102476,46
26103156,54
26103836,20
26104512,23
26105188,12
26105868,12
26106540,14
26107220,13
26107892,26
26108568,22
26109244,14
26109920,12
26110592,11
26111268,14
26111944,20
26112616,18
26113292,14
26113964,12
26114636,14
26115316,23
26115988,28
26116668,14
26117348,22
26118020,12
26118700,27
26119380,20
26120052,15
26120732,13
26121412,16
26122084,41
26122764,45
26123444,17
26124116,10
26124796,22
26125476,25
26126148,38
26126828,60
26127508,50
26128180,16
26128860,36
26129540,63
26130212,78
26130892,68
26131572,48
26132244,18
26132924,12
26133604,10
26134276,10
26134956,10
26135636,19
26136308,16
26136988,14
26137668,16
26138340,16
26139020,14
26139700,11
26140372,11
26141052,18
26141732,13
26142404,10
26143084,38
26143764,61
26144436,55
26145116,32
26145792,14
26146468,12
26147148,29
26147824,31
26148496,41
26149172,28
26149844,28
26150516,37
26151196,27
26151872,30
26152544,43
26153220,30
26153892,11
26154564,16
26155244,12
26155916,10
26156596,11
26157276,20
26157948,23
26158628,12
26159308,11
26159984,12
26160660,18
26161340,14
26162012,18
26162692,26
26163372,40
26164044,42
26164724,18
26165404,13
26166076,25
26166756,50
26167436,61
26168112,39
26168788,18
26169468,12
26170144,22
26170820,27
26171500,48
26172176,59
26172852,44
26173532,15
26174204,21
26174884,14
26175564,61
26176240,63
26176916,55
26177596,33
26178272,22
26178948,50
26179628,61
26180300,40
26180980,12
26181660,11
26182332,16
26183012,12
26183692,11
26184364,36
26185044,98
26185716,85
26186388,47
26187068,14
26187744,28
26188416,28
26189092,22
26189764,27
26190436,14
26191116,12
26191792,13
26192464,16
26193140,27
26193816,29
26194492,11
26195172,24
26195848,43
26196524,30
26197204,19
26197876,12
26198556,10
26199236,15
26199908,11
26200588,10
26201268,11
26201944,12
26202620,34
26203300,23
26203976,11
26204652,26
26205332,70
26206008,88
26206684,47
26207364,20
26208040,10
26208716,23
26209396,22
26210072,16
26210748,25
26211428,39
26212104,27
26212780,23
26213460,20
26214136,16
26214816,25
26215488,44
26216156,46
26216832,34
26217512,25
26218188,16
26218864,10
26219544,11
26220220,12
26220896,18
26221576,20
26222244,30
26222920,32
26223596,56
26224268,76
26224944,69
26225620,20
26226292,82
26226968,66
26227644,46
26228316,36
26228996,40
26229668,30
26230340,14
26231020,10
26231692,10
26232368,16
26233048,18
26233724,13
26234400,11
26235080,16
26235756,40
26236436,19
26237112,17
26237788,19
26238464,21
26239148,48
26239820,52
26240500,43
26241176,54
26241844,30
26242520,11
26243196,12
26243868,10
26244544,10
26245220,15
26245892,20
26246568,18
26247244,23
26247916,20
26248592,16
26249272,19
26249948,14
26250624,13
26251300,13
26251972,10
26252648,16
26253328,32
26254004,32
26254680,21
26255356,12
26256036,11
26256712,11
26257380,10
26258052,11
26258728,10
26259396,10
26260068,10
26260744,10
26261420,14
26262092,14
26262768,11
26263444,22
26264120,27
26264792,24
26265468,12
26266148,18
26266824,30
26267492,26
26268168,20
26268848,14
26269516,11
26270192,11
26270872,12
26271548,10
26272224,14
26272904,18
26273572,14
26274248,11
26274928,12
26275604,12
26276280,10
26276960,13
26277636,10
26278312,11
26278996,15
26279668,30
26280348,32
26281024,14
26281700,23
26282376,42
26283052,42
26283724,38
26284400,30
26285080,21
26285756,12
26286436,12
26287112,17
26287788,20
26288464,34
26289140,50
26289812,52
26290492,56
26291164,24
26291836,49
26292512,118
26293240,72
26293908,12
26294584,28
26295260,36
26295932,26
26296612,22
26297284,22
26297956,58
26298632,40
26299308,24
26299980,16
26300660,10
26301332,12
26302008,37
26302684,32
26303356,28
26304036,18
26304712,12
26305380,12
26306056,27
26306736,62
26307412,64
26308088,34
26308768,21
26309444,16
26310120,10
26310804,14
26311476,12
26312156,12
26312832,13
26313508,14
26314188,10
26314868,10
26315540,11
26316220,10
26316900,16
26317572,23
26318248,33
26318928,37
26319604,30
26320280,20
26320960,12
26321636,35
26322312,40
26322992,25
26323668,22
26324344,14
26325024,11
26325700,11
26326380,10
26327060,9
26327680,11
26328360,15
26329036,22
26329708,16
26330384,12
26331060,12
26331732,14
26332412,16
26333084,56
26333756,62
26334436,26
26335108,46
26335788,88
26336468,76
26337140,58
26337820,41
26338496,37
26339172,22
26339852,10
26340528,17
26341204,12
26341880,17
26342564,24
26343236,19
26343912,38
26344596,40
26345268,38
26345948,34
26346628,21
26347300,14
26347980,27
26348660,20
26349332,16
26350012,12
26350692,15
26351364,15
26352044,28
26352720,37
26353396,14
26354076,30
26354756,40
26355428,37
26356108,22
26356788,9
26357408,31
26358092,32
26358764,18
26359436,16
26360116,12
26360788,10
26361460,12
26362140,18
26362812,16
26363484,12
26364164,11
26364836,20
26365508,32
26366188,26
26366860,13
26367540,12
26368220,26
26368892,51
26369568,51
26370248,36
26370924,12
26371600,43
26372280,68
26372956,46
26373636,12
26374312,12
26374988,10
26375668,19
26376348,32
26377020,48
26377700,48
26378380,24
26379052,12
26379728,17
26380408,13
26381084,10
26381760,11
26382440,15
26383116,14
26383796,11
26384476,12
26385148,18
26385824,14
26386508,17
26387180,12
26387860,19
26388536,20
26389212,20
26389888,16
26390568,17
26391244,32
26391924,26
26392604,13
26393276,12
26393956,20
26394632,13
26395308,16
26395988,26
26396660,18
26397332,10
26398012,21
26398684,26
26399356,10
26400036,10
26400708,11
26401380,12
26402056,11
26402724,12
26403396,24
26404072,12
26404748,22
26405424,20
26406104,16
26406780,10
26407456,21
26408136,44
26408812,23
26409488,11
26410168,13
26410844,11
26411524,16
26412200,13
26412876,14
26413552,14
26414236,12
26414908,18
26415588,10
26416268,15
26416940,10
26417620,15
26418296,24
26418972,20
26419652,13
26420328,12
26420996,11
26421672,13
26422352,13
26423028,30
26423708,46
26424384,39
26425060,27
26425736,12
26426416,35
26427092,64
26427768,48
26428448,37
26429124,23
26429800,12
26430480,18
26431156,18
26431836,22
26432508,11
26433188,10
26433864,12
26434540,13
26435212,34
26435888,37
26436564,34
26437236,12
26437912,26
26438588,26
26439260,18
26439940,12
26440612,20
26441284,14
26441960,20
26442636,22
26443312,10
26443996,10
26444668,12
26445348,18
26446024,14
26446700,12
26447380,11
26448056,19
26448732,40
26449408,40
26450088,33
26450764,18
26451440,13
26452120,13
26452796,10
26453476,12
26454156,12
26454828,11
26455508,12
26456188,11
26456860,10
26457540,11
26458220,21
26458892,22
26459572,16
26460252,12
26460924,27
26461600,16
26462280,12
26462956,12
26463636,13
26464316,11
26464988,10
26465664,12
26466344,13
26467020,10
26467700,19
26468380,20
26469052,16
26469732,12
26470412,16
26471084,16
26471760,15
26472436,14
26473108,10
26473788,18
26474460,21
26475132,18
26475812,16
26476484,11
26477156,10
26477836,11
26478508,20
26479180,39
26479860,22
26480532,28
26481208,31
26481888,19
26482564,22
26483240,29
26483920,37
26484596,36
26485272,31
26485956,21
26486628,14
26487304,35
26487988,39
26488660,23
26489336,18
26490020,49
26490692,48
26491372,14
26492052,14
26492724,14
26493404,14
26494084,13
26494756,19
26495436,17
26496116,12
26496788,18
26497464,14
26498144,13
26498820,10
26499496,12
26500180,13
26500852,12
26501532,26
26502212,16
26502884,14
26503560,22
26504244,23
26504916,12
26505596,26
26506276,35
26506948,12
26507628,25
26508308,47
26508980,48
26509656,20
26510332,17
26511012,16
26511692,48
26512364,64
26513036,20
26513716,26
26514388,26
26515060,12
26515740,10
26516412,16
26517084,34
26517764,61
26518436,50
26519108,22
26519788,14
26520460,12
26521140,11
26521820,12
26522492,10
26523168,10
26523852,15
26524524,15
26525204,12
26525880,9
26526504,10
26527188,10
26527868,9
26528488,12
26529172,11
26529852,13
26530524,16
26531204,14
26531880,15
26532556,10
26533236,24
26533916,27
26534588,19
26535268,18
26535948,23
26536620,24
26537300,23
26537972,28
26538644,20
26539324,10
26539996,11
26540668,11
26541348,10
26542020,14
26542692,22
26543372,17
26544044,12
26544716,10
26545396,11
26546068,14
26546744,12
26547420,10
26548092,10
26548768,11
26549452,21
26550124,50
26550804,49
26551484,37
26552156,12
26552836,38
26553516,60
26554188,64
26554868,36
26555548,12
26556220,29
26556900,33
26557580,61
26558252,84
26558932,66
26559612,20
26560284,82
26560960,118
26561692,112
26562424,51
26563100,16
26563780,13
26564452,10
26565128,10
26565808,12
26566484,16
26567160,19
26567844,13
26568516,10
26569192,16
26569876,15
26570548,10
26571228,11
26571908,15
26572580,19
26573260,16
26573936,13
26574612,12
26575292,10
26575972,17
26576644,12
26577320,10
26578004,13
26578676,18
26579356,16
26580036,11
26580708,10
26581388,10
26582068,9
26582688,10
26583372,10
26584044,12
26584716,14
26585396,17
26586068,16
26586740,12
26587420,12
26588092,12
26588764,14
26589444,14
26590116,16
26590788,16
26591468,16
26592140,12
26592820,15
26593496,18
26594172,38
26594852,44
26595532,61
26596204,74
26596884,88
26597564,29
26598236,27
26598916,48
26599596,77
26600268,64
26600948,68
26601628,73
26602300,48
26602980,50
26603660,48
26604332,45
26605012,29
26605692,17
26606364,10
26607044,13
26607724,14
26608396,16
26609076,18
26609756,15
26610428,10
26611108,10
26611788,17
26612460,14
26613140,11
26613820,15
26614492,20
26615172,18
26615852,21
26616524,26
26617204,20
26617884,15
26618556,13
26619236,16
26619916,16
26620588,12
26621268,24
26621940,48
26622612,46
26623292,12
26623968,10
26624640,11
26625312,11
26625980,12
26626652,14
26627328,15
26627996,16
26628668,14
26629344,13
26630012,16
26630688,11
26631368,10
26632036,10
26632712,10
26633388,10
26634060,10
26634736,11
26635416,12
26636092,12
26636768,14
26637452,12
26638124,18
26638800,20
26639480,17
26640156,13
26640832,10
26641512,12
26642180,16
26642856,17
26643536,18
26644212,27
26644888,27
26645568,23
26646236,12
26646912,14
26647592,17
26648268,12
26648944,10
26649624,10
26650300,13
26650976,14
26651656,28
26652332,36
26653008,26
26653684,14
26654356,22
26655036,19
26655708,30
26656380,19
26657056,20
26657732,16
26658404,22
26659080,35
26659756,18
26660428,18
26661104,12
26661780,14
26662456,44
26663132,105
26663856,98
26664524,54
26665204,15
26665876,24
26666552,19
26667228,24
26667900,40
26668580,45
26669256,13
26669932,56
26670612,46
26671292,21
26671964,12
26672644,12
26673320,11
26673996,26
26674676,16
26675356,10
26676028,16
26676704,27
26677384,21
26678060,16
26678740,19
26679416,13
26680092,14
26680768,17
26681452,16
26682124,16
26682800,12
26683484,11
26684156,10
26684836,11
26685512,11
26686188,12
26686864,13
26687548,13
26688220,11
26688896,11
26689576,14
26690252,16
26690928,12
26691608,11
26692284,11
26692960,11
26693640,9
26694264,11
26694948,14
26695620,20
26696292,16
26696968,18
26697644,11
26698316,12
26698996,11
26699668,10
26700344,11
26701024,17
26701692,11
26702372,19
26703052,33
26703724,60
26704404,58
26705084,23
26705756,20
26706436,62
26707112,84
26707788,42
26708468,15
26709148,25
26709820,54
26710500,43
26711180,23
26711852,10
26712532,25
26713212,25
26713884,11
26714564,40
26715244,49
26715916,42
26716596,28
26717276,13
26717948,32
26718628,30
26719308,20
26719980,12
26720660,23
26721336,17
26722012,12
26722688,11
26723372,13
26724044,14
26724720,13
26725404,12
26726076,22
26726756,22
26727432,13
26728108,10
26728784,14
26729460,12
26730132,14
26730812,12
26731484,11
26732156,10
26732836,11
26733508,13
26734180,12
26734860,15
26735532,14
26736204,11
26736880,14
26737556,12
26738232,12
26738908,10
26739580,12
26740260,15
26740940,11
26741612,10
26742292,10
26742972,12
26743644,12
26744324,10
26745000,13
26745676,12
26746356,12
26747036,11
26747708,12
26748388,14
26749068,10
26749740,10
26750420,10
26751100,11
26751772,24
26752452,30
26753128,25
26753804,13
26754480,13
26755164,13
26755836,10
26756516,16
26757196,16
26757868,12
26758548,30
26759224,25
26759900,19
26760580,14
26761260,12
26761932,10
26762612,11
26763292,12
26763964,12
26764644,18
26765324,13
26765996,10
26766676,11
26767348,10
26768020,12
26768696,12
26769372,36
26770044,61
26770724,69
26771396,32
26772068,18
26772748,20
26773420,12
26774092,26
26774772,25
26775444,10
26776120,51
26776804,64
26777476,31
26778156,24
26778836,34
26779508,45
26780188,36
26780868,12
26781540,12
26782220,12
26782900,12
26783572,14
26784252,19
26784932,25
26785604,30
26786284,24
26786964,15
26787636,22
26788316,23
26788996,25
26789668,24
26790348,16
26791028,11
26791700,10
26792380,10
26793060,13
26793732,14
26794412,10
26795092,16
26795764,28
26796444,26
26797124,16
26797796,10
26798476,11
26799156,13
26799828,26
26800508,28
26801188,16
26801860,11
26802540,11
26803220,11
26803892,11
26804572,14
26805244,20
26805924,30
26806604,32
26807276,24
26807948,12
26808628,11
26809300,10
26809972,10
26810652,18
26811324,12
26811996,30
26812676,24
26813348,12
26814020,26
26814700,20
26815372,19
26816052,25
26816728,27
26817404,12
26818084,12
26818764,9
26819384,12
26820068,22
26820748,13
26821420,18
26822100,18
26822780,47
26823452,84
26824132,72
26824812,37
26825484,20
26826164,18
26826844,28
26827516,21
26828196,10
26828876,13
26829548,12
26830224,12
26830908,11
26831580,10
26832260,10
26832936,13
26833612,16
26834292,16
26834972,17
26835644,13
26836324,11
26837004,15
26837676,18
26838356,20
26839028,16
26839700,11
26840380,10
26841052,10
26841724,12
26842400,11
26843076,12
26843748,11
26844428,11
26845100,13
26845772,11
26846452,12
26847124,10
26847804,10
26848484,12
26849156,12
26849836,14
26850516,13
26851188,18
26851868,12
26852548,14
26853220,20
26853900,24
26854580,20
26855252,12
26855932,16
26856612,32
26857284,34
26857964,20
26858644,11
26859316,22
26859996,42
26860676,40
26861348,27
26862028,13
26862708,14
26863380,11
26864060,12
26864740,11
26865412,10
26866092,10
26866772,13
26867444,15
26868124,12
26868804,19
26869476,25
26870156,18
26870836,20
26871508,19
26872188,10
26872868,21
26873540,10
26874220,18
26874900,15
26875572,12
26876252,12
26876924,29
26877604,30
26878284,20
26878956,21
26879628,22
26880308,12
26880980,27
26881652,18
26882328,17
26882996,20
26883668,32
26884344,28
26885020,11
26885692,16
26886368,26
26887040,28
26887712,15
26888388,15
26889060,14
26889736,10
26890416,12
26891092,38
26891768,30
26892448,11
26893124,17
26893800,29
26894476,33
26895148,20
26895828,24
26896504,52
26897180,28
26897856,16
26898536,15
26899212,12
26899888,11
26900568,11
26901244,10
26901920,11
26902600,17
26903276,16
26903952,11
26904636,14
26905308,22
26905988,24
26906664,13
26907340,10
26908020,10
26908696,13
26909372,14
26910052,14
26910732,19
26911404,23
26912080,20
26912756,20
26913428,22
26914104,15
26914780,36
26915452,50
26916132,44
26916804,44
26917476,34
26918156,23
26918828,24
26919500,20
26920180,12
26920852,12
26921528,14
26922204,12
26922876,10
26923556,10
26924232,12
26924908,16
26925584,20
26926268,24
26926940,22
26927620,12
26928300,11
26928972,18
26929652,38
26930332,31
26931004,14
26931684,12
26932360,11
26933036,12
26933712,12
26934396,11
26935068,12
26935744,12
26936428,12
26937100,10
26937780,16
26938456,26
26939132,38
26939812,51
26940492,39
26941164,12
26941844,37
26942524,58
26943196,62
26943876,44
26944556,15
26945228,10
26945908,12
26946588,11
26947260,12
26947936,12
26948620,9
26949240,11
26949920,26
26950596,28
26951268,12
26951948,26
26952620,46
26953292,60
26953972,63
26954644,32
26955320,18
26955996,53
26956668,62
26957348,27
26958028,29
26958700,26
26959380,13
26960060,10
26960732,10
26961408,18
26962092,31
26962764,22
26963440,13
26964120,11
26964796,10
26965476,16
26966156,17
26966828,14
26967508,10
26968188,12
26968860,11
26969540,14
26970220,13
26970892,11
26971572,12
26972252,16
26972924,20
26973600,18
26974280,16
26974956,14
26975636,16
26976316,29
26976988,34
26977668,17
26978344,19
26979020,28
26979700,29
26980380,21
26981052,15
26981732,12
26982412,14
26983084,10
26983760,14
26984436,14
26985108,22
26985788,30
26986460,40
26987132,38
26987812,37
26988484,28
26989156,28
26989836,19
26990508,52
26991180,50
26991860,42
26992532,22
26993212,20
26993892,54
26994564,48
26995244,20
26995920,12
26996596,16
26997276,22
26997956,22
26998628,22
26999308,18
26999988,10
27000660,31
27001340,27
27002020,11
27002692,23
27003372,26
27004052,24
27004724,43
27005404,45
27006084,14
27006756,32
27007436,67
27008116,55
27008788,32
27009468,24
27010148,12
27010820,20
27011500,15
27012180,16
27012852,28
27013532,22
27014212,17
27014884,11
27015564,14
27016244,11
27016916,11
27017596,14
27018276,12
27018948,12
27019628,18
27020308,20
27020980,20
27021660,22
27022332,21
27023012,15
27023692,14
27024364,21
27025036,12
27025716,12
27026388,23
27027060,22
27027740,11
27028412,15
27029084,11
27029764,12
27030436,12
27031108,13
27031788,22
27032464,22
27033140,18
27033820,20
27034492,12
27035168,14
27035852,20
27036524,20
27037204,14
27037884,11
27038556,11
27039236,16
27039916,15
27040588,10
27041264,10
27041944,9
27042568,11
27043248,15
27043924,13
27044596,11
27045272,11
27045956,12
27046628,12
27047304,10
27047984,11
27048660,14
27049336,15
27050020,17
27050692,18
27051372,12
27052052,13
27052724,18
27053404,16
27054076,13
27054756,28
27055436,48
27056108,46
27056780,48
27057460,22
27058132,10
27058804,14
27059484,11
27060156,10
27060828,12
27061504,11
27062180,16
27062852,11
27063532,16
27064204,38
27064884,44
27065560,34
27066236,11
27066916,36
27067596,64
27068268,28
27068948,10
27069628,11
27070300,16
27070980,14
27071660,15
27072332,17
27073008,10
27073692,12
27074364,24
27075044,14
27075724,12
27076396,22
27077076,11
27077756,26
27078428,17
27079104,22
27079788,37
27080460,38
27081140,23
27081820,14
27082492,20
27083172,14
27083852,12
27084524,20
27085204,10
27085880,15
27086556,12
27087236,34
27087916,29
27088588,22
27089268,25
27089948,41
27090620,37
27091300,22
27091980,16
27092652,10
27093332,15
27094004,28
27094676,34
27095356,15
27096028,15
27096700,12
27097380,13
27098052,18
27098724,22
27099404,22
27100076,10
27100748,10
27101428,21
27102100,35
27102780,22
27103460,24
27104132,35
27104812,14
27105492,13
27106164,10
27106844,11
27107524,10
27108196,22
27108876,23
27109556,26
27110228,19
27110908,10
27111588,12
27112260,18
27112940,16
27113620,13
27114292,16
27114972,14
27115652,11
27116324,15
27117004,18
27117684,19
27118356,11
27119036,10
27119716,11
27120388,11
27121068,12
27121748,12
27122420,10
27123100,10
27123780,10
27124452,12
27125132,12
27125812,10
27126484,10
27127164,10
27127844,12
27128516,17
27129196,22
27129876,22
27130548,14
27131228,12
27131900,27
27132580,16
27133260,10
27133932,10
27134604,14
27135284,26
27135960,23
27136632,15
27137308,12
27137980,12
27138652,12
27139328,11
27140004,10
27140676,10
27141356,12
27142028,14
27142708,14
27143388,13
27144060,22
27144740,42
27145420,40
27146092,19
27146772,12
27147452,36
27148124,76
27148804,61
27149480,21
27150156,10
27150836,12
27151516,11
27152188,17
27152868,28
27153548,25
27154220,16
27154900,12
27155580,12
27156252,12
27156932,12
27157612,15
27158284,13
27158964,11
27159644,16
27160316,20
27160996,20
27161676,16
27162348,12
27163028,17
27163708,13
27164380,12
27165060,18
27165740,16
27166412,42
27167092,60
27167772,44
27168444,11
27169124,23
27169804,17
27170476,12
27171156,11
27171828,13
27172500,10
27173180,11
27173852,10
27174524,18
27175204,26
27175876,20
27176548,15
27177228,10
27177900,11
27178572,11
27179252,10
27179924,20
27180604,30
27181284,29
27181956,29
27182636,20
27183316,12
27183992,19
27184668,24
27185348,45
27186020,42
27186700,26
27187380,17
27188052,13
27188732,17
27189412,17
27190084,16
27190764,15
27191444,17
27192116,20
27192796,16
27193476,19
27194152,16
27194828,12
27195508,23
27196184,41
27196860,22
27197540,17
27198212,10
27198892,18
27199572,12
27200244,22
27200920,25
27201596,17
27202268,15
27202944,11
27203624,11
27204300,13
27204976,19
27205656,17
27206332,11
27207012,22
27207692,17
27208364,26
27209040,31
27209716,23
27210388,12
27211068,11
27211740,16
27212412,24
27213092,26
27213764,30
27214436,28
27215112,23
27215788,16
27216460,16
27217136,20
27217812,22
27218488,31
27219164,52
27219836,42
27220516,17
27221192,12
27221868,12
27222548,10
27223228,11
27223900,10
27224580,10
27225260,24
27225932,18
27226608,14
27227292,13
27227964,18
27228644,23
27229324,16
27229996,11
27230676,10
27231356,10
27232028,12
27232704,10
27233388,11
27234060,10
27234740,20
27235420,28
27236092,26
27236772,30
27237452,27
27238124,12
27238804,10
27239480,12
27240148,28
27240824,56
27241504,71
27242180,38
27242860,18
27243540,11
27244212,10
27244888,14
27245564,15
27246236,14
27246916,14
27247588,12
27248260,13
27248936,22
27249612,18
27250284,11
27250964,12
27251636,14
27252308,14
27252988,19
27253660,22
27254332,20
27255012,12
27255684,14
27256364,10
27257044,9
27257664,11
27258348,12
27259028,15
27259700,14
27260380,16
27261060,12
27261732,18
27262412,17
27263092,13
27263764,10
27264444,10
27265120,13
27265796,12
27266476,10
27267156,13
27267828,14
27268508,18
27269188,31
27269860,39
27270540,22
27271220,12
27271892,12
27272572,48
27273252,60
27273924,34
27274604,22
27275284,16
27275956,10
27276636,22
27277308,36
27277988,34
27278668,18
27279340,14
27280012,12
27280688,29
27281356,18
27282028,14
27282704,19
27283380,34
27284052,30
27284732,15
27285404,11
27286076,12
27286756,12
27287428,12
27288108,12
27288788,11
27289460,11
27290140,10
27290816,11
27291492,16
27292172,15
27292848,12
27293524,10
27294204,10
27294884,11
27295556,10
27296236,15
27296912,19
27297588,16
27298268,12
27298948,10
27299620,12
27300300,11
27300980,11
27301652,12
27302332,12
27303012,12
27303684,10
27304364,12
27305044,13
27305716,24
27306396,20
27307076,19
27307748,25
27308428,19
27309108,12
27309780,31
27310460,24
27311140,16
27311812,12
27312492,12
27313172,13
27313844,11
27314524,26
27315196,12
27315880,22
27316556,59
27317228,71
27317900,57
27318580,23
27319252,15
27319924,12
27320604,22
27321276,31
27321948,18
27322628,28
27323300,26
27323972,16
27324652,12
27325324,10
27326004,14
27326684,11
27327356,10
27328036,14
27328712,17
27329388,14
27330068,14
27330748,10
27331420,10
27332100,12
27332780,12
27333452,10
27334132,12
27334812,12
27335484,19
27336164,24
27336844,29
27337516,16
27338196,12
27338876,16
27339552,19
27340228,17
27340908,16
27341580,12
27342260,10
27342940,13
27343612,23
27344292,28
27344972,25
27345644,26
27346324,13
27347004,23
27347676,36
27348356,58
27349036,47
27349708,14
27350388,14
27351068,25
27351740,42
27352420,54
27353100,41
27353772,13
27354452,18
27355124,50
27355800,59
27356476,36
27357152,15
27357820,12
27358500,10
27359172,11
27359848,13
27360524,12
27361196,11
27361868,11
27362548,24
27363220,25
27363896,19
27364572,15
27365244,14
27365924,13
27366604,12
27367276,20
27367956,47
27368636,37
27369308,22
27369988,15
27370668,45
27371340,80
27372020,54
27372700,13
27373372,11
27374052,12
27374732,12
27375404,14
27376084,11
27376764,14
27377436,12
27378116,10
27378796,11
27379468,16
27380148,12
27380828,42
27381500,52
27382180,19
27382860,12
27383532,18
27384212,15
27384892,12
27385564,26
27386244,53
27386924,41
27387596,22
27388276,62
27388956,55
27389628,28
27390308,24
27390988,23
27391660,12
27392340,14
27393012,18
27393684,11
27394364,12
27395036,14
27395708,23
27396388,26
27397060,22
27397732,14
27398412,10
27399084,11
27399756,12
27400436,10
27401108,12
27401784,11
27402468,11
27403140,11
27403820,11
27404500,13
27405172,22
27405852,24
27406532,17
27407204,17
27407884,18
27408564,11
27409236,26
27409916,32
27410596,21
27411268,12
27411948,12
27412628,12
27413300,12
27413980,12
27414660,15
27415332,15
27416012,14
27416692,12
27417364,10
27418044,10
27418724,11
27419396,11
27420076,12
27420756,17
27421428,19
27422108,20
27422788,15
27423460,20
27424140,13
27424820,12
27425492,10
27426172,12
27426852,9
27427472,30
27428160,48
27428828,42
27429500,19
27430180,25
27430856,72
27431524,84
27432204,74
27432876,35
27433552,14
27434228,10
27434900,11
27435580,12
27436260,17
27436932,11
27437612,14
27438292,16
27438968,12
27439644,10
27440324,10
27440996,10
27441676,14
27442356,14
27443032,12
27443708,20
27444388,28
27445060,18
27445740,11
27446420,11
27447092,14
27447772,12
27448452,10
27449124,10
27449804,16
27450484,20
27451156,13
27451836,11
27452516,17
27453188,17
27453868,12
27454548,20
27455220,18
27455900,14
27456580,28
27457252,26
27457932,24
27458612,20
27459284,11
27459964,22
27460644,25
27461316,23
27461996,18
27462676,12
27463348,19
27464028,22
27464700,12
27465380,11
27466060,10
27466732,21
27467404,33
27468084,14
27468756,26
27469428,19
27470108,28
27470780,22
27471452,19
27472132,26
27472804,35
27473476,34
27474156,22
27474828,14
27475508,12
27476188,15
27476860,15
27477540,16
27478220,16
27478892,11
27479572,10
27480252,18
27480924,13
27481604,14
27482284,15
27482956,17
27483636,14
27484316,12
27484988,12
27485668,30
27486348,44
27487020,38
27487700,19
27488380,21
27489052,57
27489732,62
27490412,45
27491084,40
27491764,32
27492444,18
27493116,10
27493796,22
27494476,36
27495148,39
27495828,28
27496508,15
27497180,12
27497860,34
27498540,23
27499212,11
27499892,10
27500572,19
27501244,30
27501924,20
27502604,13
27503276,11
27503956,14
27504632,18
27505304,15
27505980,10
27506652,12
27507324,31
27508004,46
27508676,39
27509348,14
27510028,18
27510700,22
27511376,12
27512052,20
27512724,14
27513404,11
27514084,22
27514756,38
27515436,30
27516116,16
27516792,21
27517468,24
27518148,19
27518824,18
27519500,11
27520180,11
27520852,12
27521532,11
27522212,10
27522884,10
27523564,10
27524244,13
27524916,14
27525596,14
27526276,12
27526948,10
27527624,12
27528308,16
27528980,16
27529656,11
27530336,20
27531012,30
27531692,30
27532372,15
27533044,10
27533720,28
27534404,33
27535076,22
27535756,12
27536436,37
27537108,66
27537788,50
27538468,28
27539140,16
27539820,28
27540500,47
27541172,33
27541852,12
27542524,37
27543204,46
27543884,66
27544556,36
27545228,11
27545908,14
27546580,10
27547252,15
27547928,10
27548604,11
27549276,10
27549956,13
27550628,16
27551300,13
27551980,10
27552652,12
27553328,13
27554008,14
27554684,12
27555364,22
27556044,45
27556716,50
27557396,38
27558076,19
27558748,24
27559428,57
27560108,66
27560780,45
27561460,28
27562140,14
27562812,12
27563492,12
27564172,13
27564844,10
27565520,10
27566204,11
27566876,12
27567556,14
27568236,9
27568856,15
27569536,12
27570220,23
27570892,18
27571572,14
27572252,12
27572924,10
27573604,12
27574284,12
27574956,12
27575636,12
27576308,19
27576980,23
27577660,20
27578332,24
27579004,15
27579684,20
27580356,23
27581028,10
27581708,20
27582380,18
27583052,10
27583732,24
27584408,24
27585084,17
27585764,34
27586436,38
27587116,48
27587796,63
27588468,50
27589148,26
27589828,41
27590500,86
27591180,114
27591912,72
27592592,32
27593268,16
27593948,18
27594620,32
27595300,22
27595980,12
27596656,12
27597332,10
27598012,10
27598684,10
27599364,10
27600044,13
27600716,12
27601396,13
27602076,11
27602748,12
27603428,14
27604108,16
27604780,14
27605460,13
27606140,12
27606812,12
27607492,14
27608172,14
27608844,12
27609524,12
27610204,17
27610876,22
27611556,20
27612236,12
27612908,18
27613588,42
27614268,48
27614940,14
27615620,24
27616300,18
27616972,12
27617652,10
27618332,11
27619004,16
27619684,15
27620364,14
27621036,18
27621716,18
27622388,11
27623064,14
27623740,12
27624412,10
27625084,15
27625764,12
27626436,11
27627108,12
27627788,12
27628460,10
27629132,16
27629812,18
27630484,16
27631160,12
27631844,10
27632516,18
27633196,20
27633876,17
27634548,15
27635228,12
27635908,14
27636580,18
27637260,18
27637940,13
27638612,18
27639292,22
27639972,13
27640648,20
27641324,34
27642004,49
27642676,46
27643356,24
27644036,13
27644708,11
27645388,18
27646068,26
27646744,17
27647420,10
27648100,13
27648772,14
27649448,17
27650128,20
27650804,18
27651480,28
27652164,12
27652836,46
27653516,74
27654196,93
27654868,72
27655548,33
27656228,21
27656900,56
27657580,61
27658260,63
27658932,38
27659612,22
27660284,11
27660964,12
27661640,25
27662316,12
27662988,11
27663668,20
27664340,48
27665012,62
27665692,50
27666364,12
27667036,14
27667716,14
27668388,20
27669060,25
27669740,37
27670412,41
27671092,35
27671772,16
27672444,14
27673124,26
27673804,35
27674476,26
27675156,16
27675836,11
27676508,10
27677188,13
27677868,15
27678540,14
27679220,12
27679900,11
27680572,10
27681252,10
27681932,10
27682604,18
27683284,11
27683964,29
27684636,47
27685316,46
27685996,29
27686668,14
27687348,12
27688028,19
27688700,16
27689380,10
27690056,12
27690732,10
27691412,12
27692092,17
27692764,20
27693444,22
27694120,12
27694796,16
27695476,23
27696156,21
27696828,26
27697508,30
27698188,13
27698860,14
27699540,20
27700212,19
27700884,24
27701560,33
27702236,38
27702908,22
27703588,11
27704260,21
27704932,27
27705612,28
27706284,12
27706956,44
27707636,56
27708308,16
27708988,25
27709668,37
27710340,68
27711020,98
27711700,58
27712372,21
27713048,14
27713732,12
27714404,29
27715084,37
27715764,21
27716436,22
27717116,18
27717796,17
27718468,22
27719148,18
27719828,16
27720500,14
27721180,14
27721860,21
27722532,35
27723212,42
27723892,32
27724564,12
27725244,10
27725924,10
27726596,11
27727276,12
27727956,19
27728628,20
27729308,12
27729988,13
27730660,18
27731340,19
27732020,25
27732692,26
27733372,20
27734052,11
27734724,10
27735404,14
27736084,24
27736756,32
27737436,35
27738112,20
27738788,23
27739468,30
27740140,27
27740812,30
27741492,18
27742164,11
27742836,32
27743516,36
27744192,19
27744860,10
27745540,12
27746212,18
27746884,11
27747564,22
27748236,51
27748916,81
27749596,78
27750272,35
27750948,39
27751628,95
27752300,121
27753032,63
27753708,14
27754380,18
27755060,15
27755740,10
27756412,10
27757092,14
27757772,17
27758444,10
27759124,19
27759804,22
27760480,21
27761156,30
27761836,45
27762508,38
27763188,25
27763868,13
27764540,24
27765220,28
27765900,30
27766572,38
27767252,25
27767932,23
27768608,37
27769284,18
27769964,12
27770636,12
27771316,11
27771996,10
27772668,10
27773348,10
27774028,15
27774700,11
27775380,16
27776060,22
27776732,22
27777412,20
27778092,11
27778764,12
27779444,11
27780124,11
27780796,10
27781476,12
27782156,13
27782828,22
27783508,30
27784180,22
27784852,12
27785532,11
27786204,14
27786876,11
27787556,14
27788228,33
27788900,50
27789580,35
27790252,10
27790924,14
27791604,10
27792276,10
27792956,13
27793636,14
27794308,11
27794988,20
27795668,19
27796340,12
27797020,13
27797700,20
27798372,22
27799052,32
27799732,39
27800408,35
27801084,11
27801764,40
27802436,64
27803116,85
27803796,30
27804472,22
27805148,30
27805828,21
27806500,11
27807180,10
27807860,23
27808536,39
27809212,20
27809892,18
27810564,64
27811244,50
27811924,37
27812596,22
27813276,14
27813956,20
27814628,19
27815308,15
27815988,15
27816660,24
27817340,31
27818020,21
27818692,10
27819372,20
27820052,40
27820724,46
27821404,42
27822080,19
27822756,21
27823436,61
27824112,40
27824780,39
27825460,12
27826132,10
27826808,22
27827484,20
27828156,11
27828828,22
27829508,26
27830184,30
27830856,25
27831532,14
27832208,27
27832884,46
27833564,34
27834240,23
27834916,13
27835596,11
27836272,12
27836948,13
27837628,17
27838304,15
27838980,10
27839660,15
27840336,16
27841012,14
27841692,9
27842312,11
27842996,15
27843676,11
27844348,11
27845028,12
27845708,13
27846380,11
27847060,18
27847740,23
27848412,14
27849092,10
27849772,11
27850444,14
27851124,20
27851804,17
27852480,14
27853156,23
27853832,16
27854508,24
27855184,46
27855860,44
27856532,26
27857208,10
27857884,32
27858556,72
27859236,52
27859908,20
27860580,16
27861256,12
27861932,14
27862604,36
27863284,34
27863956,29
27864632,16
27865316,14
27865988,38
27866668,28
27867348,20
27868020,24
27868700,21
27869380,17
27870052,37
27870732,44
27871412,28
27872084,14
27872760,15
27873444,37
27874116,50
27874796,20
27875476,14
27876148,16
27876828,10
27877508,33
27878180,54
27878860,42
27879540,17
27880212,10
27880892,14
27881572,19
27882244,15
27882924,16
27883604,9
27884224,20
27884908,18
27885584,11
27886260,10
27886940,12
27887612,13
27888292,14
27888972,12
27889644,11
27890316,12
27890996,21
27891668,18
27892340,11
27893020,19
27893692,16
27894364,13
27895044,12
27895716,16
27896388,16
27897068,12
27897740,12
27898420,20
27899100,22
27899772,20
27900452,14
27901132,11
27901804,11
27902484,12
27903164,21
27903840,23
27904516,36
27905192,23
27905868,15
27906548,38
27907228,27
27907900,12
27908580,21
27909260,33
27909932,66
27910612,106
27911344,109
27912072,60
27912756,14
27913436,80
27914108,148
27914840,172
27915568,106
27916296,22
27916972,17
27917652,15
27918324,11
27918996,18
27919676,28
27920348,22
27921020,14
27921700,10
27922372,10
27923044,10
27923724,10
27924396,11
27925068,10
27925748,10
27926420,10
27927096,10
27927780,14
27928452,18
27929132,11
27929812,12
27930484,11
27931164,14
27931844,13
27932516,14
27933196,16
27933876,11
27934548,18
27935228,24
27935908,17
27936580,12
27937260,12
27937940,13
27938612,18
27939292,22
27939972,19
27940644,12
27941324,12
27942004,28
27942676,10
27943356,24
27944036,25
27944708,11
27945388,18
27946068,26
27946740,14
27947420,12
27948100,12
27948772,10
27949452,10
27950132,11
27950804,10
27951484,14
27952164,13
27952836,12
27953516,14
27954196,12
27954868,11
27955548,11
27956220,12
27956900,16
27957580,18
27958252,19
27958924,17
27959604,10
27960276,10
27960948,11
27961628,14
27962300,17
27962972,13
27963652,10
27964324,10
27964996,13
27965676,13
27966348,11
27967028,18
27967708,19
27968380,13
27969060,14
27969740,21
27970412,22
27971092,18
27971772,13
27972444,16
27973124,13
27973804,10
27974476,14
27975156,24
27975836,29
27976508,39
27977188,32
27977868,12
27978540,11
27979220,12
27979900,14
27980572,16
27981252,11
27981932,14
27982604,21
27983284,24
27983964,29
27984636,19
27985316,12
27985996,13
27986668,12
27987348,24
27988028,33
27988700,56
27989380,38
27990060,19
27990736,35
27991412,28
27992092,12
27992764,28
27993444,46
27994124,21
27994796,14
27995476,18
27996152,17
27996824,12
27997500,22
27998172,19
27998848,11
27999524,12
28000200,14
28000868,11
28001548,11
28002220,12
28002892,14
28003572,12
28004244,14
28004920,14
28005604,18
28006276,22
28006956,16
28007636,9
28008256,13
28008940,28
28009620,29
28010292,22
28010972,22
28011652,20
28012324,14
28013004,14
28013684,12
28014356,12
28015036,14
28015716,12
28016388,10
28017068,14
28017748,14
28018420,12
28019100,11
28019780,12
28020452,12
28021132,12
28021812,10
28022484,10
28023164,10
28023844,12
28024516,14
28025196,12
28025876,12
28026548,11
28027228,19
28027900,17
28028580,15
28029260,12
28029932,11
28030604,12
28031284,24
28031956,34
28032632,38
28033308,27
28033980,12
28034652,14
28035332,26
28036004,36
28036676,48
28037356,36
28038028,28
28038708,19
28039388,14
28040060,13
28040736,10
28041420,10
28042092,11
28042772,12
28043452,11
28044124,15
28044804,18
28045480,21
28046156,12
28046836,22
28047516,17
28048188,10
28048868,19
28049548,20
28050220,13
28050900,23
28051580,27
28052252,18
28052932,20
28053612,19
28054284,12
28054964,18
28055644,27
28056316,29
28056996,12
28057676,27
28058348,35
28059028,36
28059708,32
28060380,14
28061060,34
28061740,55
28062412,36
28063092,17
28063772,19
28064444,42
28065124,52
28065804,35
28066476,10
28067156,30
28067828,24
28068500,16
28069180,34
28069852,36
28070524,30
28071204,32
28071876,16
28072548,14
28073228,10
28073900,14
28074572,18
28075252,12
28075924,10
28076604,10
28077284,10
28077956,11
28078636,12
28079316,14
28079988,13
28080668,10
28081348,11
28082020,12
28082700,10
28083380,21
28084052,38
28084732,42
28085412,33
28086084,30
28086764,14
28087444,21
28088116,20
28088796,36
28089476,38
28090148,27
28090828,20
28091508,11
28092180,11
28092860,13
28093540,11
28094212,14
28094892,23
28095572,15
28096248,14
28096924,19
28097604,10
28098276,19
28098956,26
28099636,16
28100308,14
28100988,24
28101668,24
28102340,28
28103020,20
28103700,12
28104372,16
28105052,20
28105724,33
28106404,27
28107084,12
28107756,12
28108432,14
28109108,22
28109780,36
28110452,22
28111132,11
28111804,11
28112476,17
28113156,14
28113828,16
28114500,40
28115180,40
28115856,19
28116532,10
28117212,13
28117884,26
28118564,32
28119244,18
28119916,16
28120596,22
28121276,17
28121952,37
28122628,22
28123308,12
28123980,14
28124660,11
28125340,13
28126012,15
28126692,12
28127372,12
28128044,17
28128724,15
28129404,17
28130076,11
28130756,12
28131436,13
28132112,19
28132788,18
28133468,14
28134144,14
28134820,14
28135500,12
28136176,11
28136852,13
28137532,15
28138208,14
28138884,12
28139564,12
28140236,10
28140916,10
28141596,18
28142272,28
28142948,20
28143628,15
28144304,11
28144980,16
28145652,28
28146324,21
28147004,11
28147680,12
28148352,10
28149028,10
28149704,11
28150376,10
28151052,12
28151724,17
28152400,16
28153076,32
28153752,41
28154428,24
28155108,11
28155784,10
28156460,10
28157140,11
28157816,10
28158492,10
28159172,17
28159848,42
28160528,50
28161204,32
28161876,19
28162552,12
28163236,51
28163908,58
28164588,31
28165268,11
28165940,22
28166620,29
28167296,21
28167972,12
28168652,26
28169332,37
28170004,40
28170684,41
28171364,33
28172036,16
28172716,16
28173396,19
28174068,16
28174748,10
28175428,10
28176100,14
28176780,15
28177460,12
28178132,11
28178812,14
28179492,18
28180164,20
28180844,16
28181520,11
28182196,22
28182876,30
28183548,27
28184228,22
28184908,14
28185580,14
28186252,12
28186928,12
28187604,12
28188276,11
28188952,16
28189628,14
28190300,10
28190980,10
28191652,10
28192324,11
28193000,14
28193676,14
28194352,26
28195036,36
28195708,34
28196388,23
28197068,13
28197740,31
28198420,36
28199096,13
28199772,31
28200452,33
28201132,15
28201804,22
28202480,39
28203164,39
28203836,28
28204516,22
28205196,13
28205868,11
28206548,15
28207228,17
28207900,10
28208580,12
28209260,13
28209932,12
28210612,11
28211292,21
28211964,24
28212644,18
28213320,13
28213996,10
28214676,10
28215356,12
28216028,10
28216708,10
28217388,13
28218060,13
28218740,10
28219420,18
28220092,18
28220772,16
28221452,20
28222124,32
28222804,30
28223476,16
28224148,14
28224824,28
28225500,46
28226172,52
28226852,26
28227524,12
28228196,16
28228876,19
28229548,18
28230220,13
28230900,19
28231572,18
28232252,12
28232932,14
28233604,11
28234280,12
28234964,13
28235636,12
28236316,26
28236996,16
28237668,12
28238348,15
28239028,17
28239700,13
28240380,22
28241060,10
28241732,14
28242412,11
28243092,15
28243764,20
28244444,16
28245124,15
28245796,18
28246476,16
28247156,19
28247828,35
28248508,40
28249188,33
28249860,20
28250540,12
28251220,15
28251892,11
28252572,31
28253252,66
28253924,54
28254604,18
28255284,11
28255956,12
28256636,12
28257316,10
28257988,10
28258668,14
28259348,13
28260020,11
28260700,12
28261372,17
28262052,22
28262732,22
28263404,14
28264076,12
28264752,10
28265428,15
28266100,16
28266780,14
28267452,10
28268124,10
28268804,14
28269476,12
28270148,12
28270828,16
28271500,24
28272180,30
28272860,22
28273532,12
28274212,18
28274892,20
28275564,10
28276244,22
28276924,51
28277596,70
28278276,56
28278956,29
28279628,16
28280308,18
28280988,18
28281660,11
28282340,14
28283020,11
28283692,11
28284372,12
28285052,16
28285724,14
28286404,11
28287084,13
28287756,14
28288436,12
28289112,29
28289788,32
28290468,25
28291148,19
28291820,10
28292500,20
28293180,27
28293852,13
28294532,13
28295212,21
28295884,18
28296564,13
28297244,9
28297864,15
28298548,16
28299220,10
28299892,14
28300572,23
28301244,22
28301916,14
28302596,11
28303268,25
28303940,50
28304620,36
28305292,12
28305972,15
28306652,18
28307324,12
28308004,12
28308684,17
28309356,32
28310036,34
28310716,19
28311392,13
28312068,12
28312748,11
28313420,12
28314100,20
28314780,21
28315452,18
28316132,14
28316812,11
28317484,12
28318164,12
28318844,17
28319516,16
28320196,12
28320872,15
28321548,10
28322228,22
28322908,21
28323580,11
28324260,26
28324940,27
28325612,24
28326292,12
28326972,48
28327644,60
28328324,31
28329004,13
28329676,11
28330356,10
28331036,12
28331708,25
28332388,16
28333068,15
28333740,16
28334420,11
28335092,12
28335764,12
28336444,11
28337116,16
28337788,18
28338468,12
28339140,12
28339816,10
28340492,10
28341164,18
28341836,30
28342516,20
28343188,14
28343868,12
28344548,16
28345220,12
28345900,20
28346580,15
28347252,18
28347932,26
28348612,18
28349284,10
28349964,12
28350644,13
28351316,12
28351996,10
28352676,12
28353348,14
28354028,12
28354708,12
28355380,11
28356060,10
28356740,10
28357412,10
28358092,14
28358772,15
28359444,12
28360124,10
28360804,12
28361476,18
28362156,22
28362836,12
28363508,19
28364188,30
28364868,36
28365540,38
28366220,32
28366900,13
28367572,34
28368252,52
28368932,65
28369604,60
28370284,23
28370964,17
28371636,19
28372316,23
28372988,16
28373668,12
28374348,35
28375024,36
28375696,28
28376372,14
28377044,11
28377716,11
28378396,14
28379068,14
28379740,15
28380420,14
28381092,19
28381764,17
28382444,10
28383116,11
28383796,20
28384476,14
28385148,10
28385828,12
28386508,14
28387180,16
28387860,28
28388540,49
28389212,48
28389892,14
28390572,24
28391244,54
28391924,58
28392604,57
28393276,33
28393956,22
28394636,17
28395308,11
28395988,18
28396668,12
28397340,16
28398020,10
28398700,11
28399376,11
28400052,14
28400732,13
28401404,10
28402084,14
28402764,14
28403436,14
28404116,16
28404796,12
28405468,11
28406148,10
28406828,9
28407448,10
28408132,13
28408804,15
28409476,28
28410156,30
28410832,28
28411504,11
28412180,44
28412852,52
28413524,34
28414204,16
28414880,10
28415548,13
28416228,10
28416900,11
28417580,12
28418260,19
28418932,38
28419612,54
28420292,40
28420964,51
28421644,38
28422324,17
28422996,12
28423676,12
28424356,10
28425028,15
28425708,13
28426388,13
28427060,14
28427740,14
28428420,12
28429092,11
28429772,11
28430452,11
28431124,12
28431804,16
28432484,13
28433156,11
28433836,10
28434516,12
28435188,16
28435868,18
28436548,19
28437220,15
28437900,30
28438580,47
28439252,40
28439932,31
28440612,14
28441284,27
28441964,25
28442644,13
28443316,18
28443996,36
28444672,33
28445348,24
28446028,14
28446700,11
28447376,11
28448052,10
28448724,15
28449396,15
28450076,14
28450748,24
28451420,24
28452100,16
28452772,11
28453444,27
28454124,36
28454800,14
28455476,10
28456156,10
28456828,11
28457508,10
28458188,11
28458860,16
28459540,20
28460220,27
28460892,16
28461572,10
28462252,15
28462924,18
28463604,19
28464284,11
28464956,12
28465636,10
28466316,18
28466992,22
28467668,13
28468348,25
28469020,24
28469700,16
28470380,17
28471056,43
28471732,38
28472412,20
28473084,11
28473764,11
28474444,13
28475116,20
28475796,12
28476476,13
28477152,20
28477828,22
28478508,23
28479180,19
28479860,18
28480540,12
28481212,10
28481892,12
28482572,11
28483244,24
28483924,41
28484596,20
28485268,13
28485948,13
28486620,20
28487292,20
28487972,12
28488644,10
28489316,12
28489996,23
28490668,34
28491340,24
28492020,18
28492692,14
28493372,26
28494052,36
28494724,54
28495404,42
28496084,20
28496756,16
28497436,11
28498116,32
28498788,70
28499468,74
28500148,59
28500820,52
28501500,20
28502180,12
28502852,12
28503532,11
28504212,18
28504884,20
28505564,18
28506244,13
28506916,14
28507596,34
28508276,31
28508948,10
28509628,10
28510308,21
28510980,12
28511660,15
28512340,13
28513012,11
28513692,11
28514372,11
28515044,11
28515724,14
28516404,19
28517076,13
28517756,10
28518436,16
28519108,13
28519788,12
28520468,15
28521140,16
28521820,13
28522492,12
28523172,16
28523852,10
28524524,10
28525196,12
28525876,12
28526548,10
28527220,11
28527900,10
28528576,20
28529244,24
28529924,24
28530596,14
28531268,10
28531948,10
28532620,10
28533300,12
28533980,10
28534652,17
28535332,28
28536012,47
28536684,39
28537364,14
28538044,18
28538716,22
28539396,18
28540076,11
28540748,12
28541428,10
28542108,29
28542780,39
28543460,14
28544140,17
28544812,24
28545492,12
28546172,13
28546844,10
28547524,22
28548204,18
28548876,11
28549556,16
28550236,27
28550908,16
28551588,12
28552268,17
28552940,22
28553620,28
28554300,29
28554972,21
28555652,25
28556332,21
28557004,19
28557684,16
28558364,16
28559040,11
28559716,12
28560396,16
28561068,12
28561748,20
28562420,26
28563092,16
28563772,10
28564444,15
28565116,17
28565796,18
28566468,20
28567140,12
28567820,32
28568496,53
28569164,43
28569844,26
28570516,12
28571192,50
28571876,64
28572548,35
28573228,16
28573908,15
28574580,17
28575260,18
28575940,16
28576616,11
28577292,10
28577972,12
28578644,13
28579324,26
28580004,20
28580676,15
28581356,14
28582036,12
28582712,13
28583388,18
28584068,25
28584740,27
28585420,24
28586100,13
28586772,45
28587452,30
28588132,14
28588808,11
28589484,10
28590164,12
28590836,10
28591516,10
28592196,12
28592868,14
28593548,14
28594228,12
28594904,13
28595580,10
28596260,12
28596932,14
28597612,14
28598292,12
28598964,12
28599644,11
28600320,13
28600996,22
28601676,36
28602348,24
28603020,11
28603700,14
28604372,14
28605048,16
28605724,22
28606396,29
28607072,40
28607748,44
28608424,26
28609092,10
28609772,10
28610444,11
28611124,24
28611804,35
28612480,35
28613156,30
28613836,16
28614512,16
28615188,16
28615868,20
28616540,16
28617220,19
28617900,55
28618576,76
28619252,60
28619932,29
28620608,19
28621284,12
28621964,13
28622636,24
28623316,42
28623996,43
28624672,35
28625348,26
28626028,11
28626700,31
28627380,54
28628060,45
28628736,27
28629412,14
28630092,26
28630768,12
28631444,10
28632124,11
28632796,15
28633476,28
28634156,16
28634832,28
28635508,35
28636188,36
28636860,22
28637540,12
28638220,45
28638896,59
28639572,24
28640248,11
28640920,17
28641596,18
28642272,14
28642940,11
28643620,11
28644292,16
28644964,19
28645644,12
28646320,34
28646992,42
28647668,26
28648344,10
28649020,14
28649700,14
28650372,11
28651052,23
28651732,29
28652408,16
28653084,14
28653764,36
28654440,50
28655116,58
28655796,23
28656472,30
28657148,22
28657828,11
28658504,14
28659180,23
28659860,14
28660536,11
28661212,11
28661892,14
28662568,14
28663244,10
28663924,32
28664600,72
28665276,70
28665956,47
28666632,28
28667308,19
28667988,20
28668664,16
28669344,15
28670020,19
28670696,16
28671376,14
28672056,14
28672724,10
28673400,14
28674080,12
28674756,11
28675432,11
28676116,12
28676788,10
28677468,12
28678140,17
28678820,14
28679496,12
28680172,14
28680844,12
28681520,12
28682196,11
28682868,12
28683548,20
28684220,18
28684892,16
28685568,11
28686244,12
28686916,18
28687596,16
28688268,10
28688944,12
28689628,10
28690300,26
28690980,34
28691660,29
28692332,11
28693012,16
28693692,13
28694364,11
28695044,11
28695724,12
28696396,12
28697076,10
28697756,11
28698428,14
28699104,13
28699788,11
28700460,14
28701140,14
28701820,13
28702492,12
28703172,10
28703852,12
28704524,11
28705204,10
28705884,13
28706556,18
28707236,12
28707916,11
28708588,20
28709268,70
28709948,93
28710620,76
28711300,30
28711980,34
28712656,102
28713384,105
28714112,62
28714788,22
28715468,16
28716148,15
28716820,12
28717500,10
28718180,18
28718852,18
28719532,11
28720212,18
28720884,20
28721564,16
28722244,11
28722916,18
28723596,21
28724276,15
28724948,10
28725628,10
28726308,10
28726980,11
28727660,11
28728340,13
28729012,24
28729692,31
28730364,31
28731044,20
28731724,12
28732396,14
28733072,51
28733748,42
28734420,12
28735092,10
28735772,14
28736444,25
28737116,16
28737796,12
28738468,10
28739140,10
28739820,10
28740492,12
28741172,16
28741852,22
28742524,20
28743204,12
28743884,17
28744556,29
28745236,18
28745916,12
28746588,13
28747268,16
28747948,16
28748624,18
28749300,11
28749980,15
28750652,24
28751332,24
28752012,15
28752684,14
28753364,11
28754044,15
28754716,14
28755396,10
28756076,12
28756748,15
28757428,10
28758108,13
28758780,18
28759460,22
28760140,20
28760812,18
28761492,17
28762172,13
28762844,10
28763524,14
28764204,15
28764876,19
28765556,21
28766236,11
28766912,13
28767588,12
28768268,22
28768940,43
28769620,39
28770292,26
28770964,12
28771644,16
28772316,22
28772992,53
28773668,60
28774344,58
28775016,50
28775692,39
28776364,20
28777036,12
28777716,18
28778388,18
28779068,20
28779748,20
28780420,16
28781100,10
28781780,19
28782452,20
28783132,19
28783812,14
28784488,10
28785164,12
28785844,13
28786516,12
28787196,12
28787876,11
28788548,12
28789228,14
28789908,17
28790584,14
28791260,10
28791940,11
28792616,15
28793292,19
28793972,15
28794648,29
28795324,34
28796004,17
28796676,10
28797356,18
28798036,34
28798712,24
28799388,12
28800068,25
28800740,34
28801416,18
28802096,12
28802772,23
28803448,24
28804128,38
28804804,46
28805480,41
28806160,31
28806836,16
28807516,42
28808188,57
28808868,52
28809548,39
28810220,40
28810892,34
28811572,16
28812244,12
28812916,16
28813596,11
28814268,12
28814940,12
28815620,12
28816292,14
28816964,14
28817640,14
28818316,18
28818996,11
28819676,10
28820348,11
28821028,12
28821708,12
28822380,12
28823060,13
28823740,16
28824412,18
28825092,16
28825772,12
28826444,10
28827124,12
28827804,13
28828476,14
28829156,22
28829836,21
28830508,14
28831188,12
28831868,19
28832540,40
28833220,40
28833900,15
28834572,20
28835252,32
28835932,28
28836604,24
28837280,20
28837960,13
28838636,22
28839312,46
28839992,40
28840668,18
28841344,13
28842024,19
28842700,12
28843380,22
28844060,17
28844732,12
28845412,11
28846092,25
28846764,28
28847440,18
28848116,18
28848788,14
28849464,10
28850140,12
28850812,17
28851492,16
28852164,12
28852836,26
28853512,31
28854188,22
28854860,18
28855540,11
28856212,24
28856888,27
28857568,19
28858244,18
28858920,14
28859600,14
28860276,11
28860956,14
28861636,12
28862308,12
28862988,14
28863668,11
28864340,10
28865016,11
28865696,9
28866320,11
28867004,10
28867684,15
28868356,14
28869036,13
28869716,26
28870388,34
28871068,33
28871748,28
28872420,30
28873100,26
28873780,16
28874452,23
28875132,12
28875812,39
28876484,90
28877164,101
28877892,52
28878572,14
28879248,30
28879932,32
28880604,24
28881280,19
28881960,11
28882636,24
28883312,29
28883992,15
28884668,11
28885344,14
28886028,16
28886700,11
28887380,24
28888052,34
28888724,32
28889400,29
28890076,20
28890748,10
28891428,40
28892100,36
28892772,14
28893452,10
28894124,11
28894796,10
28895476,11
28896148,10
28896824,11
28897500,11
28898172,10
28898848,10
28899528,12
28900204,17
28900884,18
28901564,11
28902236,12
28902916,12
28903596,12
28904268,20
28904948,27
28905628,24
28906300,10
28906980,17
28907660,38
28908332,34
28909012,20
28909692,11
28910364,14
28911044,16
28911724,13
28912396,15
28913076,10
28913756,19
28914428,19
28915108,14
28915788,43
28916460,63
28917140,45
28917820,11
28918492,30
28919172,46
28919852,52
28920524,52
28921204,30
28921884,9
28922504,15
28923188,16
28923860,12
28924532,14
28925212,15
28925884,12
28926556,10
28927236,20
28927908,33
28928584,18
28929256,12
28929932,12
28930608,18
28931288,18
28931964,10
28932644,15
28933324,12
28933996,10
28934676,12
28935356,15
28936028,16
28936704,14
28937388,13
28938060,14
28938740,12
28939420,13
28940092,16
28940772,14
28941452,11
28942124,11
28942800,10
28943484,12
28944156,12
28944836,10
28945512,12
28946188,10
28946868,11
28947548,13
28948220,10
28948900,11
28949580,19
28950252,32
28950932,17
28951612,11
28952284,22
28952964,48
28953644,49
28954316,28
28954996,10
28955676,24
28956348,14
28957028,14
28957708,14
28958380,14
28959060,24
28959732,26
28960404,24
28961080,19
28961756,18
28962428,22
28963104,18
28963780,11
28964452,11
28965132,10
28965804,10
28966476,11
28967152,16
28967828,24
28968504,16
28969188,14
28969860,21
28970540,21
28971220,17
28971892,10
28972572,10
28973252,11
28973924,10
28974604,10
28975284,12
28975956,12
28976636,10
28977316,14
28977988,17
28978668,19
28979348,14
28980020,10
28980696,14
28981380,24
28982052,24
28982732,17
28983412,11
28984084,10
28984764,11
28985444,11
28986116,10
28986796,11
28987476,14
28988148,13
28988828,18
28989508,23
28990180,32
28990860,48
28991540,37
28992212,14
28992888,22
28993568,41
28994244,63
28994924,60
28995604,32
28996276,22
28996956,20
28997628,13
28998308,12
28998988,14
28999660,23
29000332,28
29001008,12
29001684,10
29002356,12
29003036,12
29003708,12
29004380,16
29005060,23
29005732,24
29006404,16
29007080,10
29007756,10
29008436,10
29009116,14
29009788,20
29010468,13
29011148,13
29011820,14
29012500,12
29013180,11
29013852,10
29014532,14
29015212,15
29015884,14
29016564,20
29017244,19
29017916,14
29018596,16
29019276,12
29019948,13
29020628,17
29021308,18
29021980,17
29022660,18
29023340,18
29024012,32
29024688,33
29025372,40
29026044,28
29026724,26
29027404,16
29028076,38
29028756,46
29029436,52
29030108,58
29030788,39
29031468,18
29032140,23
29032820,12
29033500,13
29034172,25
29034852,34
29035532,26
29036204,16
29036884,11
29037556,18
29038228,31
29038908,34
29039580,39
29040256,35
29040932,18
29041604,11
29042276,24
29042956,24
29043628,30
29044300,22
29044980,14
29045652,24
29046328,34
29047012,19
29047684,16
29048364,34
29049044,41
29049716,35
29050396,12
29051076,34
29051748,58
29052428,43
29053108,18
29053780,12
29054460,10
29055140,10
29055816,14
29056492,15
29057172,17
29057844,16
29058524,15
29059204,12
29059876,11
29060556,14
29061236,12
29061908,12
29062588,11
29063268,11
29063940,10
29064620,10
29065300,12
29065972,13
29066652,16
29067332,12
29068004,11
29068684,16
29069364,19
29070036,12
29070716,26
29071396,28
29072068,19
29072748,16
29073428,12
29074100,17
29074780,20
29075452,11
29076132,24
29076812,12
29077484,29
29078156,19
29078836,14
29079512,15
29080184,17
29080860,48
29081532,35
29082208,25
29082884,20
29083556,26
29084228,51
29084908,44
29085580,40
29086260,28
29086940,15
29087612,12
29088292,15
29088968,17
29089644,12
29090324,15
29091004,16
29091676,12
29092356,10
29093036,11
29093708,11
29094388,12
29095068,13
29095740,14
29096420,20
29097100,24
29097772,32
29098452,28
29099132,15
29099804,11
29100484,22
29101164,49
29101836,54
29102516,24
29103196,21
29103872,16
29104548,11
29105228,13
29105900,14
29106580,14
29107260,10
29107932,10
29108612,10
29109292,13
29109964,12
29110644,26
29111324,40
29112000,37
29112676,22
29113356,16
29114032,37
29114708,53
29115384,34
29116052,12
29116732,12
29117408,17
29118080,17
29118756,17
29119432,12
29120104,16
29120780,22
29121452,38
29122124,32
29122804,24
29123476,20
29124152,16
29124836,14
29125508,26
29126188,19
29126868,14
29127540,12
29128220,12
29128900,25
29129572,38
29130252,26
29130932,11
29131604,10
29132284,16
29132964,40
29133636,60
29134316,62
29134996,30
29135668,14
29136348,23
29137028,17
29137700,11
29138380,16
29139060,10
29139732,17
29140412,28
29141092,21
29141764,10
29142444,10
29143124,12
29143796,12
29144476,22
29145156,43
29145828,32
29146508,14
29147188,15
29147860,10
29148540,12
29149220,12
29149892,11
29150572,10
29151252,12
29151928,20
29152604,18
29153276,12
29153960,14
29154636,18
29155308,19
29155980,11
29156660,14
29157332,24
29158004,19
29158684,10
29159356,11
29160032,11
29160708,14
29161380,15
29162052,12
29162732,12
29163404,10
29164084,10
29164764,10
29165436,11
29166116,11
29166796,15
29167468,16
29168148,28
29168828,64
29169500,64
29170180,35
29170860,19
29171532,22
29172212,32
29172892,65
29173564,33
29174244,10
29174924,12
29175596,26
29176276,27
29176956,26
29177632,39
29178308,58
29178988,40
29179660,22
29180340,10
29181020,12
29181692,21
29182372,18
29183052,12
29183728,10
29184404,12
29185080,15
29185756,12
29186436,16
29187116,15
29187788,20
29188468,54
29189148,48
29189820,18
29190500,18
29191180,33
29191852,19
29192532,10
29193204,10
29193876,10
29194556,10
29195228,10
29195900,11
29196580,10
29197252,10
29197924,16
29198604,12
29199276,21
29199948,24
29200628,10
29201300,11
29201976,12
29202652,11
29203324,13
29204004,14
29204684,20
29205356,19
29206036,12
29206716,10
29207388,14
29208068,14
29208748,12
29209420,10
29210100,14
29210780,33
29211452,38
29212132,19
29212812,13
29213484,18
29214164,18
29214844,12
29215516,10
29216196,10
29216876,12
29217548,12
29218228,14
29218908,12
29219580,12
29220260,13
29220940,12
29221612,10
29222292,10
29222972,11
29223644,10
29224324,12
29225004,12
29225676,11
29226356,14
29227036,14
29227708,12
29228388,12
29229068,19
29229740,15
29230420,18
29231092,16
29231764,10
29232444,22
29233116,38
29233792,34
29234468,34
29235144,25
29235816,12
29236492,38
29237164,62
29237836,56
29238516,34
29239188,11
29239868,10
29240548,14
29241220,26
29241900,28
29242580,12
29243252,20
29243932,12
29244612,11
29245284,15
29245964,19
29246644,23
29247316,33
29247996,46
29248676,23
29249348,13
29250028,10
29250708,19
29251380,26
29252060,14
29252740,27
29253412,32
29254092,22
29254772,20
29255444,12
29256124,23
29256804,34
29257476,28
29258156,22
29258836,12
29259508,18
29260188,30
29260868,30
29261540,16
29262220,14
29262900,12
29263572,11
29264252,19
29264932,21
29265604,11
29266284,12
29266964,13
29267636,10
29268316,13
29268988,12
29269668,11
29270348,12
29271024,13
29271696,13
29272372,14
29273044,14
29273716,10
29274396,19
29275072,36
29275744,41
29276420,30
29277092,12
29277764,36
29278444,40
29279116,30
29279796,14
29280476,12
29281148,18
29281828,16
29282508,10
29283180,12
29283860,16
29284540,15
29285212,12
29285892,16
29286572,14
29287244,22
29287920,30
29288604,58
29289276,58
29289956,26
29290636,52
29291308,97
29291988,86
29292668,49
29293340,32
29294020,60
29294700,51
29295372,16
29296052,27
29296732,61
29297404,85
29298084,53
29298764,15
29299436,12
29300116,13
29300796,13
29301472,18
29302148,16
29302828,13
29303500,11
29304180,14
29304860,14
29305532,12
29306212,13
29306892,10
29307564,10
29308244,16
29308916,15
29309588,11
29310268,18
29310944,25
29311616,15
29312292,12
29312964,16
29313636,16
29314316,14
29314988,10
29315660,14
29316340,16
29317012,16
29317692,11
29318372,14
29319048,15
29319724,12
29320404,11
29321076,12
29321756,22
29322436,20
29323108,10
29323788,18
29324468,15
29325144,10
29325820,13
29326500,11
29327172,14
29327852,10
29328532,12
29329204,16
29329884,17
29330564,17
29331236,11
29331916,16
29332596,12
29333268,15
29333948,13
29334628,11
29335300,16
29335980,20
29336660,21
29337332,16
29338012,10
29338692,12
29339364,13
29340044,18
29340724,15
29341396,11
29342076,12
29342756,15
29343428,22
29344108,28
29344788,28
29345460,18
29346140,24
29346812,15
29347492,18
29348172,29
29348844,22
29349516,30
29350196,51
29350872,45
29351540,24
29352220,12
29352892,18
29353564,22
29354244,30
29354916,26
29355592,18
29356268,65
29356944,67
29357620,32
29358300,11
29358972,16
29359652,10
29360332,24
29361004,24
29361684,62
29362364,85
29363040,50
29363716,12
29364396,40
29365068,55
29365748,36
29366428,43
29367100,27
29367780,14
29368460,15
29369132,19
29369812,16
29370492,12
29371164,10
29371844,10
29372524,15
29373200,17
29373876,10
29374556,15
29375232,17
29375908,11
29376588,11
29377260,11
29377940,16
29378620,13
29379292,23
29379972,32
29380652,16
29381324,15
29382004,24
29382684,14
29383356,28
29384036,56
29384716,48
29385392,19
29386068,12
29386744,11
29387416,27
29388092,42
29388768,15
29389440,21
29390116,18
29390788,14
29391460,12
29392140,10
29392812,10
29393484,11
29394164,14
29394836,16
29395516,12
29396196,14
29396868,16
29397548,10
29398228,11
29398904,11
29399580,16
29400260,11
29400932,11
29401612,17
29402292,26
29402964,18
29403644,12
29404324,36
29404996,64
29405676,63
29406356,29
29407032,13
29407708,14
29408388,12
29409060,11
29409740,12
29410420,11
29411092,11
29411772,20
29412452,27
29413128,25
29413804,20
